{
 "cells": [
  {
   "cell_type": "code",
   "execution_count": 1389,
   "metadata": {},
   "outputs": [],
   "source": [
    "import sympy as sp\n",
    "from IPython.display import display, Markdown\n",
    "import math"
   ]
  },
  {
   "cell_type": "code",
   "execution_count": 1390,
   "metadata": {},
   "outputs": [],
   "source": [
    "studentNumero = 9\n",
    "groupNumero   = 52\n",
    "n = groupNumero\n",
    "alphaNumero = (n - 50) / 100\n",
    "\n",
    "N, alpha, x1, x2, x3 = sp.symbols(\"N \\\\alpha x^1 x^2 x^3\")"
   ]
  },
  {
   "cell_type": "code",
   "execution_count": 1391,
   "metadata": {},
   "outputs": [],
   "source": [
    "def norm(A):\n",
    "    # print(len(A))\n",
    "    maxi = -float(\"inf\")\n",
    "\n",
    "    sumy = 0\n",
    "    for i, el in enumerate(A):\n",
    "        # print(f\"adding {abs(el)}\")\n",
    "        sumy += abs(el)\n",
    "    \n",
    "        if (i + 1) % math.sqrt(len(A)) == 0: \n",
    "            maxi = max(maxi, sumy)\n",
    "            # print(f\"what would new max be?: {maxi} or {sumy}\")\n",
    "            sumy = 0\n",
    "    \n",
    "    return maxi"
   ]
  },
  {
   "cell_type": "code",
   "execution_count": 1392,
   "metadata": {},
   "outputs": [
    {
     "data": {
      "text/plain": [
       "0.02"
      ]
     },
     "execution_count": 1392,
     "metadata": {},
     "output_type": "execute_result"
    }
   ],
   "source": [
    "alphaNumero"
   ]
  },
  {
   "cell_type": "code",
   "execution_count": 1393,
   "metadata": {},
   "outputs": [],
   "source": [
    "first  = sp.Eq(150   * (1 + 0.5 * N + alpha) * x1 + 150   * (1 + 0.5 * N)         * x2 + 150   * (1 + 0.5*N)           * x3, 150 * (3 + 1.5 * N + alpha))\n",
    "second = sp.Eq(150.1 * (1 + 0.5 * N)         * x1 + 149.9 * (1 + 0.5 * N + alpha) * x2 + 150   * (1 + 0.5 * N)         * x3, 150 * (3 + 1.5 * N + alpha))\n",
    "third  = sp.Eq(149.9 * (1 + 0.5 * N)         * x1 + 150   * (1 + 0.5 * N)         * x2 + 150.1 * (1 + 0.5 * N + alpha) * x3, 150 * (3 + 1.5 * N + alpha))\n",
    "\n",
    "first1  = sp.Eq(150   * (1 + 0.5 * N + alpha) * x1 + 150   * (1 + 0.5 * N)         * x2 + 150   * (1 + 0.5*N)           * x3, 150 * (3 + 1.5 * N + alpha) * (1 + 0.01))\n",
    "second1 = sp.Eq(150.1 * (1 + 0.5 * N)         * x1 + 149.9 * (1 + 0.5 * N + alpha) * x2 + 150   * (1 + 0.5 * N)         * x3, 150 * (3 + 1.5 * N + alpha) * (1 - 0.01))\n",
    "third1  = sp.Eq(149.9 * (1 + 0.5 * N)         * x1 + 150   * (1 + 0.5 * N)         * x2 + 150.1 * (1 + 0.5 * N + alpha) * x3, 150 * (3 + 1.5 * N + alpha) * (1 + 0.01))\n",
    "\n",
    "system = [first, second, third]\n",
    "system1 = [first1, second1, third1]"
   ]
  },
  {
   "cell_type": "code",
   "execution_count": 1394,
   "metadata": {},
   "outputs": [
    {
     "data": {
      "text/markdown": [
       "\\begin{equation} x^{1} \\cdot \\left(75.0 N + 150 \\alpha + 150\\right) + x^{2} \\cdot \\left(75.0 N + 150\\right) + x^{3} \\cdot \\left(75.0 N + 150\\right) = 225.0 N + 150 \\alpha + 450 \\end{equation}"
      ],
      "text/plain": [
       "<IPython.core.display.Markdown object>"
      ]
     },
     "metadata": {},
     "output_type": "display_data"
    },
    {
     "data": {
      "text/markdown": [
       "\\begin{equation} x^{1} \\cdot \\left(75.05 N + 150.1\\right) + x^{2} \\cdot \\left(74.95 N + 149.9 \\alpha + 149.9\\right) + x^{3} \\cdot \\left(75.0 N + 150\\right) = 225.0 N + 150 \\alpha + 450 \\end{equation}"
      ],
      "text/plain": [
       "<IPython.core.display.Markdown object>"
      ]
     },
     "metadata": {},
     "output_type": "display_data"
    },
    {
     "data": {
      "text/markdown": [
       "\\begin{equation} x^{1} \\cdot \\left(74.95 N + 149.9\\right) + x^{2} \\cdot \\left(75.0 N + 150\\right) + x^{3} \\cdot \\left(75.05 N + 150.1 \\alpha + 150.1\\right) = 225.0 N + 150 \\alpha + 450 \\end{equation}"
      ],
      "text/plain": [
       "<IPython.core.display.Markdown object>"
      ]
     },
     "metadata": {},
     "output_type": "display_data"
    }
   ],
   "source": [
    "for element in system:\n",
    "    display(Markdown(f'\\\\begin{{equation}} {sp.latex(element)} \\\\end{{equation}}'))"
   ]
  },
  {
   "cell_type": "code",
   "execution_count": 1395,
   "metadata": {},
   "outputs": [
    {
     "data": {
      "text/markdown": [
       "\\begin{equation} x^{1} \\cdot \\left(75.0 N + 150 \\alpha + 150\\right) + x^{2} \\cdot \\left(75.0 N + 150\\right) + x^{3} \\cdot \\left(75.0 N + 150\\right) = 227.25 N + 151.5 \\alpha + 454.5 \\end{equation}"
      ],
      "text/plain": [
       "<IPython.core.display.Markdown object>"
      ]
     },
     "metadata": {},
     "output_type": "display_data"
    },
    {
     "data": {
      "text/markdown": [
       "\\begin{equation} x^{1} \\cdot \\left(75.05 N + 150.1\\right) + x^{2} \\cdot \\left(74.95 N + 149.9 \\alpha + 149.9\\right) + x^{3} \\cdot \\left(75.0 N + 150\\right) = 222.75 N + 148.5 \\alpha + 445.5 \\end{equation}"
      ],
      "text/plain": [
       "<IPython.core.display.Markdown object>"
      ]
     },
     "metadata": {},
     "output_type": "display_data"
    },
    {
     "data": {
      "text/markdown": [
       "\\begin{equation} x^{1} \\cdot \\left(74.95 N + 149.9\\right) + x^{2} \\cdot \\left(75.0 N + 150\\right) + x^{3} \\cdot \\left(75.05 N + 150.1 \\alpha + 150.1\\right) = 227.25 N + 151.5 \\alpha + 454.5 \\end{equation}"
      ],
      "text/plain": [
       "<IPython.core.display.Markdown object>"
      ]
     },
     "metadata": {},
     "output_type": "display_data"
    }
   ],
   "source": [
    "for element in system1:\n",
    "    display(Markdown(f'\\\\begin{{equation}} {sp.latex(element)} \\\\end{{equation}}'))"
   ]
  },
  {
   "cell_type": "code",
   "execution_count": 1396,
   "metadata": {},
   "outputs": [],
   "source": [
    "for i in range(len(system)):\n",
    "    system[i] = system[i].subs({N: studentNumero, alpha: alphaNumero})"
   ]
  },
  {
   "cell_type": "code",
   "execution_count": 1397,
   "metadata": {},
   "outputs": [],
   "source": [
    "for i in range(len(system1)):\n",
    "    system1[i] = system1[i].subs({N: studentNumero, alpha: alphaNumero})"
   ]
  },
  {
   "cell_type": "code",
   "execution_count": 1398,
   "metadata": {},
   "outputs": [
    {
     "data": {
      "text/markdown": [
       "\\begin{equation} 828.0 x^{1} + 825.0 x^{2} + 825.0 x^{3} = 2478.0 \\end{equation}"
      ],
      "text/plain": [
       "<IPython.core.display.Markdown object>"
      ]
     },
     "metadata": {},
     "output_type": "display_data"
    },
    {
     "data": {
      "text/markdown": [
       "\\begin{equation} 825.55 x^{1} + 827.448 x^{2} + 825.0 x^{3} = 2478.0 \\end{equation}"
      ],
      "text/plain": [
       "<IPython.core.display.Markdown object>"
      ]
     },
     "metadata": {},
     "output_type": "display_data"
    },
    {
     "data": {
      "text/markdown": [
       "\\begin{equation} 824.45 x^{1} + 825.0 x^{2} + 828.552 x^{3} = 2478.0 \\end{equation}"
      ],
      "text/plain": [
       "<IPython.core.display.Markdown object>"
      ]
     },
     "metadata": {},
     "output_type": "display_data"
    }
   ],
   "source": [
    "for element in system:\n",
    "    display(Markdown(f'\\\\begin{{equation}} {sp.latex(element)} \\\\end{{equation}}'))"
   ]
  },
  {
   "cell_type": "code",
   "execution_count": 1399,
   "metadata": {},
   "outputs": [
    {
     "data": {
      "text/markdown": [
       "\\begin{equation} 828.0 x^{1} + 825.0 x^{2} + 825.0 x^{3} = 2502.78 \\end{equation}"
      ],
      "text/plain": [
       "<IPython.core.display.Markdown object>"
      ]
     },
     "metadata": {},
     "output_type": "display_data"
    },
    {
     "data": {
      "text/markdown": [
       "\\begin{equation} 825.55 x^{1} + 827.448 x^{2} + 825.0 x^{3} = 2453.22 \\end{equation}"
      ],
      "text/plain": [
       "<IPython.core.display.Markdown object>"
      ]
     },
     "metadata": {},
     "output_type": "display_data"
    },
    {
     "data": {
      "text/markdown": [
       "\\begin{equation} 824.45 x^{1} + 825.0 x^{2} + 828.552 x^{3} = 2502.78 \\end{equation}"
      ],
      "text/plain": [
       "<IPython.core.display.Markdown object>"
      ]
     },
     "metadata": {},
     "output_type": "display_data"
    }
   ],
   "source": [
    "for element in system1:\n",
    "    display(Markdown(f'\\\\begin{{equation}} {sp.latex(element)} \\\\end{{equation}}'))"
   ]
  },
  {
   "cell_type": "code",
   "execution_count": 1400,
   "metadata": {},
   "outputs": [
    {
     "data": {
      "text/latex": [
       "$\\displaystyle \\left[\\begin{matrix}828.0 & 825.0 & 825.0\\\\825.55 & 827.448 & 825.0\\\\824.45 & 825.0 & 828.552\\end{matrix}\\right]$"
      ],
      "text/plain": [
       "Matrix([\n",
       "[ 828.0,   825.0,   825.0],\n",
       "[825.55, 827.448,   825.0],\n",
       "[824.45,   825.0, 828.552]])"
      ]
     },
     "execution_count": 1400,
     "metadata": {},
     "output_type": "execute_result"
    }
   ],
   "source": [
    "matrixBody = []\n",
    "\n",
    "for element in system:\n",
    "    matrixBody.append([element.lhs.coeff(x1), \n",
    "                       element.lhs.coeff(x2), \n",
    "                       element.lhs.coeff(x3)])\n",
    "\n",
    "A = sp.Matrix(matrixBody)\n",
    "A"
   ]
  },
  {
   "cell_type": "code",
   "execution_count": 1401,
   "metadata": {},
   "outputs": [
    {
     "data": {
      "text/latex": [
       "$\\displaystyle \\left[\\begin{matrix}0.23011505651251 & -0.135989231310137 & -0.0937223080651046\\\\-0.178193673016471 & 0.272396398402827 & -0.0937988785782234\\\\-0.0515460443076003 & -0.135912660797018 & 0.187861995036292\\end{matrix}\\right]$"
      ],
      "text/plain": [
       "Matrix([\n",
       "[   0.23011505651251, -0.135989231310137, -0.0937223080651046],\n",
       "[ -0.178193673016471,  0.272396398402827, -0.0937988785782234],\n",
       "[-0.0515460443076003, -0.135912660797018,   0.187861995036292]])"
      ]
     },
     "execution_count": 1401,
     "metadata": {},
     "output_type": "execute_result"
    }
   ],
   "source": [
    "A_inv = A.inv()\n",
    "A_inv"
   ]
  },
  {
   "cell_type": "code",
   "execution_count": 1402,
   "metadata": {},
   "outputs": [
    {
     "name": "stdout",
     "output_type": "stream",
     "text": [
      "0.230115056512510 & -0.135989231310137 & -0.0937223080651046 \\\\ \n",
      "-0.178193673016471 & 0.272396398402827 & -0.0937988785782234 \\\\ \n",
      "-0.0515460443076003 & -0.135912660797018 & 0.187861995036292 \\\\ \n"
     ]
    }
   ],
   "source": [
    "for i, element in enumerate(A_inv):\n",
    "    print(element, end=' & ') if (i + 1) % 3 != 0 else print(element, end=' \\\\\\\\ \\n')"
   ]
  },
  {
   "cell_type": "code",
   "execution_count": 1403,
   "metadata": {},
   "outputs": [
    {
     "data": {
      "text/markdown": [
       "\\begin{equation} \\left[\\begin{matrix}828.0 & 825.0 & 825.0\\\\825.55 & 827.448 & 825.0\\\\824.45 & 825.0 & 828.552\\end{matrix}\\right]; \\left[\\begin{matrix}0.23011505651251 & 0.135989231310137 & 0.0937223080651046\\\\0.178193673016471 & 0.272396398402827 & 0.0937988785782234\\\\0.0515460443076003 & 0.135912660797018 & 0.187861995036292\\end{matrix}\\right]\\end{equation}"
      ],
      "text/plain": [
       "<IPython.core.display.Markdown object>"
      ]
     },
     "metadata": {},
     "output_type": "display_data"
    }
   ],
   "source": [
    "A_abs     = A.applyfunc(abs)\n",
    "A_inv_abs = A_inv.applyfunc(abs)\n",
    "\n",
    "display(Markdown(f'\\\\begin{{equation}} {sp.latex(A_abs)}; {sp.latex(A_inv_abs)}\\\\end{{equation}}'))"
   ]
  },
  {
   "cell_type": "code",
   "execution_count": 1404,
   "metadata": {},
   "outputs": [
    {
     "name": "stdout",
     "output_type": "stream",
     "text": [
      "828.000000000000 & 825.000000000000 & 825.000000000000 \\\\ \n",
      "825.550000000000 & 827.448000000000 & 825.000000000000 \\\\ \n",
      "824.450000000000 & 825.000000000000 & 828.552000000000 \\\\ \n"
     ]
    }
   ],
   "source": [
    "for i, element in enumerate(A_abs):\n",
    "    print(element, end=' & ') if (i + 1) % 3 != 0 else print(element, end=' \\\\\\\\ \\n')"
   ]
  },
  {
   "cell_type": "code",
   "execution_count": 1405,
   "metadata": {},
   "outputs": [
    {
     "name": "stdout",
     "output_type": "stream",
     "text": [
      "0.230115056512510 & 0.135989231310137 & 0.0937223080651046 \\\\ \n",
      "0.178193673016471 & 0.272396398402827 & 0.0937988785782234 \\\\ \n",
      "0.0515460443076003 & 0.135912660797018 & 0.187861995036292 \\\\ \n"
     ]
    }
   ],
   "source": [
    "for i, element in enumerate(A_inv_abs):\n",
    "    print(element, end=' & ') if (i + 1) % 3 != 0 else print(element, end=' \\\\\\\\ \\n')"
   ]
  },
  {
   "cell_type": "code",
   "execution_count": 1406,
   "metadata": {},
   "outputs": [
    {
     "data": {
      "text/markdown": [
       "\\begin{equation} ||2478.002|| \\hspace{2cm} ||0.544388949997522|| \\end{equation}"
      ],
      "text/plain": [
       "<IPython.core.display.Markdown object>"
      ]
     },
     "metadata": {},
     "output_type": "display_data"
    }
   ],
   "source": [
    "A_norm     = norm(A)\n",
    "A_inv_norm = norm(A_inv)\n",
    "\n",
    "display(Markdown(f'\\\\begin{{equation}} ||{sp.latex(A_norm)}|| \\\\hspace{{2cm}} ||{sp.latex(A_inv_norm)}|| \\\\end{{equation}}'))"
   ]
  },
  {
   "cell_type": "code",
   "execution_count": 1407,
   "metadata": {},
   "outputs": [
    {
     "data": {
      "text/latex": [
       "$\\displaystyle 1348.99690687176$"
      ],
      "text/plain": [
       "1348.99690687176"
      ]
     },
     "execution_count": 1407,
     "metadata": {},
     "output_type": "execute_result"
    }
   ],
   "source": [
    "condA = A_norm * A_inv_norm\n",
    "condA"
   ]
  },
  {
   "cell_type": "code",
   "execution_count": 1408,
   "metadata": {},
   "outputs": [
    {
     "data": {
      "text/latex": [
       "$\\displaystyle \\left[\\begin{matrix}2478.0\\\\2478.0\\\\2478.0\\end{matrix}\\right]$"
      ],
      "text/plain": [
       "Matrix([\n",
       "[2478.0],\n",
       "[2478.0],\n",
       "[2478.0]])"
      ]
     },
     "execution_count": 1408,
     "metadata": {},
     "output_type": "execute_result"
    }
   ],
   "source": [
    "vectorBody = []\n",
    "\n",
    "for element in system:\n",
    "    vectorBody.append([element.rhs])\n",
    "\n",
    "b = sp.Matrix(vectorBody)\n",
    "b"
   ]
  },
  {
   "cell_type": "code",
   "execution_count": 1409,
   "metadata": {},
   "outputs": [
    {
     "data": {
      "text/latex": [
       "$\\displaystyle \\left[\\begin{matrix}2502.78\\\\2453.22\\\\2502.78\\end{matrix}\\right]$"
      ],
      "text/plain": [
       "Matrix([\n",
       "[2502.78],\n",
       "[2453.22],\n",
       "[2502.78]])"
      ]
     },
     "execution_count": 1409,
     "metadata": {},
     "output_type": "execute_result"
    }
   ],
   "source": [
    "vectorBody1 = []\n",
    "\n",
    "for element in system1:\n",
    "    vectorBody1.append([element.rhs])\n",
    "\n",
    "b1 = sp.Matrix(vectorBody1)\n",
    "b1"
   ]
  },
  {
   "cell_type": "code",
   "execution_count": 1410,
   "metadata": {},
   "outputs": [
    {
     "data": {
      "text/latex": [
       "$\\displaystyle \\left[\\begin{matrix}0.999915466153453\\\\1.00073239055399\\\\0.999352450688377\\end{matrix}\\right]$"
      ],
      "text/plain": [
       "Matrix([\n",
       "[0.999915466153453],\n",
       "[ 1.00073239055399],\n",
       "[0.999352450688377]])"
      ]
     },
     "execution_count": 1410,
     "metadata": {},
     "output_type": "execute_result"
    }
   ],
   "source": [
    "galochkax = A_inv @ b\n",
    "galochkax"
   ]
  },
  {
   "cell_type": "code",
   "execution_count": 1411,
   "metadata": {},
   "outputs": [
    {
     "data": {
      "text/latex": [
       "$\\displaystyle \\left[\\begin{matrix}24.7800000000002\\\\-24.7800000000002\\\\24.7800000000002\\end{matrix}\\right]$"
      ],
      "text/plain": [
       "Matrix([\n",
       "[ 24.7800000000002],\n",
       "[-24.7800000000002],\n",
       "[ 24.7800000000002]])"
      ]
     },
     "execution_count": 1411,
     "metadata": {},
     "output_type": "execute_result"
    }
   ],
   "source": [
    "deltab = b1 - b\n",
    "deltab"
   ]
  },
  {
   "cell_type": "code",
   "execution_count": 1412,
   "metadata": {},
   "outputs": [
    {
     "data": {
      "text/latex": [
       "$\\displaystyle \\left[\\begin{matrix}6.74962545839196\\\\-13.4899581809387\\\\6.74582499360713\\end{matrix}\\right]$"
      ],
      "text/plain": [
       "Matrix([\n",
       "[ 6.74962545839196],\n",
       "[-13.4899581809387],\n",
       "[ 6.74582499360713]])"
      ]
     },
     "execution_count": 1412,
     "metadata": {},
     "output_type": "execute_result"
    }
   ],
   "source": [
    "deltaGalochkax = A_inv @ deltab\n",
    "deltaGalochkax"
   ]
  },
  {
   "cell_type": "code",
   "execution_count": 1413,
   "metadata": {},
   "outputs": [],
   "source": [
    "# test1 =sp.Matrix([[0.513765, -0.35097, -0.16239], \n",
    "#                   [-0.53943, 0.792403, -0.16256], \n",
    "#                   [0.025947, -0.3508,  0.325253]]) \n",
    "\n",
    "# test1"
   ]
  },
  {
   "cell_type": "code",
   "execution_count": 1414,
   "metadata": {},
   "outputs": [],
   "source": [
    "# test2 = sp.Matrix([2476.5, 2476.5, 2476.5])\n",
    "\n",
    "# test2"
   ]
  },
  {
   "cell_type": "code",
   "execution_count": 1415,
   "metadata": {},
   "outputs": [],
   "source": [
    "# test1 * test2 "
   ]
  },
  {
   "cell_type": "code",
   "execution_count": 1416,
   "metadata": {},
   "outputs": [
    {
     "data": {
      "text/plain": [
       "6.74962545839196"
      ]
     },
     "execution_count": 1416,
     "metadata": {},
     "output_type": "execute_result"
    }
   ],
   "source": [
    "galochkax_norm = 1\n",
    "deltaGalochkax_norm = 6.74962545839196\n",
    "\n",
    "deltaGalochkax_norm / galochkax_norm"
   ]
  },
  {
   "cell_type": "code",
   "execution_count": 1417,
   "metadata": {},
   "outputs": [
    {
     "data": {
      "text/latex": [
       "$\\displaystyle 13.4899690687176$"
      ],
      "text/plain": [
       "13.4899690687176"
      ]
     },
     "execution_count": 1417,
     "metadata": {},
     "output_type": "execute_result"
    }
   ],
   "source": [
    "condA * 0.01"
   ]
  },
  {
   "cell_type": "code",
   "execution_count": 1418,
   "metadata": {},
   "outputs": [
    {
     "name": "stdout",
     "output_type": "stream",
     "text": [
      "s_1 = tau_1 = 0.05\n",
      "s_2 = tau_2 = 0.15000000000000002\n",
      "s_3 = tau_3 = 0.25\n",
      "s_4 = tau_4 = 0.35\n",
      "s_5 = tau_5 = 0.44999999999999996\n",
      "s_6 = tau_6 = 0.5499999999999999\n",
      "s_7 = tau_7 = 0.6499999999999999\n",
      "s_8 = tau_8 = 0.7499999999999999\n",
      "s_9 = tau_9 = 0.8499999999999999\n",
      "s_10 = tau_10 = 0.9499999999999998\n"
     ]
    }
   ],
   "source": [
    "a = 0\n",
    "b = 1\n",
    "h = 0.1\n",
    "Lambda = 0.37\n",
    "\n",
    "def get_s_tau(i):\n",
    "    if i == 1:\n",
    "        return a + h / 2\n",
    "    \n",
    "    else:\n",
    "        return get_s_tau(i - 1) + h\n",
    "    \n",
    "for i in range (1, 10 + 1):\n",
    "    print(f\"s_{i} = tau_{i} = {get_s_tau(i)}\")"
   ]
  },
  {
   "cell_type": "code",
   "execution_count": 1419,
   "metadata": {},
   "outputs": [
    {
     "data": {
      "text/plain": [
       "[[0, 0, 0, 0, 0, 0, 0, 0, 0, 0],\n",
       " [0, 0, 0, 0, 0, 0, 0, 0, 0, 0],\n",
       " [0, 0, 0, 0, 0, 0, 0, 0, 0, 0],\n",
       " [0, 0, 0, 0, 0, 0, 0, 0, 0, 0],\n",
       " [0, 0, 0, 0, 0, 0, 0, 0, 0, 0],\n",
       " [0, 0, 0, 0, 0, 0, 0, 0, 0, 0],\n",
       " [0, 0, 0, 0, 0, 0, 0, 0, 0, 0],\n",
       " [0, 0, 0, 0, 0, 0, 0, 0, 0, 0],\n",
       " [0, 0, 0, 0, 0, 0, 0, 0, 0, 0],\n",
       " [0, 0, 0, 0, 0, 0, 0, 0, 0, 0]]"
      ]
     },
     "execution_count": 1419,
     "metadata": {},
     "output_type": "execute_result"
    }
   ],
   "source": [
    "def F(x):\n",
    "    return math.atan(x)\n",
    "\n",
    "A = [[0 for _ in range (1, 10 + 1)] for _ in range(1, 10 + 1)]\n",
    "A"
   ]
  },
  {
   "cell_type": "code",
   "execution_count": 1420,
   "metadata": {},
   "outputs": [
    {
     "name": "stdout",
     "output_type": "stream",
     "text": [
      "0.00025 & 0.00075 & 0.00125 & 0.00175 & 0.00225 & 0.00275 & 0.00325 & 0.00375 & 0.00425 & 0.00475 \\\\ \n",
      "0.00075 & 0.00225 & 0.00375 & 0.00525 & 0.00674 & 0.00823 & 0.00972 & 0.0112 & 0.01268 & 0.01415 \\\\ \n",
      "0.00125 & 0.00375 & 0.00624 & 0.00873 & 0.0112 & 0.01366 & 0.01611 & 0.01853 & 0.02094 & 0.02332 \\\\ \n",
      "0.00175 & 0.00525 & 0.00873 & 0.01219 & 0.01562 & 0.01902 & 0.02237 & 0.02567 & 0.02892 & 0.0321 \\\\ \n",
      "0.00225 & 0.00674 & 0.0112 & 0.01562 & 0.01998 & 0.02426 & 0.02846 & 0.03255 & 0.03653 & 0.0404 \\\\ \n",
      "0.00275 & 0.00823 & 0.01366 & 0.01902 & 0.02426 & 0.02937 & 0.03433 & 0.03912 & 0.04373 & 0.04815 \\\\ \n",
      "0.00325 & 0.00972 & 0.01611 & 0.02237 & 0.02846 & 0.03433 & 0.03998 & 0.04536 & 0.05048 & 0.05532 \\\\ \n",
      "0.00375 & 0.0112 & 0.01853 & 0.02567 & 0.03255 & 0.03912 & 0.04536 & 0.05124 & 0.05675 & 0.06191 \\\\ \n",
      "0.00425 & 0.01268 & 0.02094 & 0.02892 & 0.03653 & 0.04373 & 0.05048 & 0.05675 & 0.06257 & 0.06793 \\\\ \n",
      "0.00475 & 0.01415 & 0.02332 & 0.0321 & 0.0404 & 0.04815 & 0.05532 & 0.06191 & 0.06793 & 0.07342 \\\\ \n"
     ]
    }
   ],
   "source": [
    "for i in range(1, 10 + 1):\n",
    "    for j in range(1, 10 + 1):\n",
    "        element = round(F(get_s_tau(i) * get_s_tau(j)) * (b - a)/10, 5)\n",
    "        A[i - 1][j - 1] =  element\n",
    "\n",
    "        print(element, end=' & ') if j != 10 else print(element, end=' \\\\\\\\ \\n')\n"
   ]
  },
  {
   "cell_type": "code",
   "execution_count": 1421,
   "metadata": {},
   "outputs": [
    {
     "data": {
      "text/latex": [
       "$\\displaystyle \\left[\\begin{matrix}0.00025 & 0.00075 & 0.00125 & 0.00175 & 0.00225 & 0.00275 & 0.00325 & 0.00375 & 0.00425 & 0.00475\\\\0.00075 & 0.00225 & 0.00375 & 0.00525 & 0.00674 & 0.00823 & 0.00972 & 0.0112 & 0.01268 & 0.01415\\\\0.00125 & 0.00375 & 0.00624 & 0.00873 & 0.0112 & 0.01366 & 0.01611 & 0.01853 & 0.02094 & 0.02332\\\\0.00175 & 0.00525 & 0.00873 & 0.01219 & 0.01562 & 0.01902 & 0.02237 & 0.02567 & 0.02892 & 0.0321\\\\0.00225 & 0.00674 & 0.0112 & 0.01562 & 0.01998 & 0.02426 & 0.02846 & 0.03255 & 0.03653 & 0.0404\\\\0.00275 & 0.00823 & 0.01366 & 0.01902 & 0.02426 & 0.02937 & 0.03433 & 0.03912 & 0.04373 & 0.04815\\\\0.00325 & 0.00972 & 0.01611 & 0.02237 & 0.02846 & 0.03433 & 0.03998 & 0.04536 & 0.05048 & 0.05532\\\\0.00375 & 0.0112 & 0.01853 & 0.02567 & 0.03255 & 0.03912 & 0.04536 & 0.05124 & 0.05675 & 0.06191\\\\0.00425 & 0.01268 & 0.02094 & 0.02892 & 0.03653 & 0.04373 & 0.05048 & 0.05675 & 0.06257 & 0.06793\\\\0.00475 & 0.01415 & 0.02332 & 0.0321 & 0.0404 & 0.04815 & 0.05532 & 0.06191 & 0.06793 & 0.07342\\end{matrix}\\right]$"
      ],
      "text/plain": [
       "Matrix([\n",
       "[0.00025, 0.00075, 0.00125, 0.00175, 0.00225, 0.00275, 0.00325, 0.00375, 0.00425, 0.00475],\n",
       "[0.00075, 0.00225, 0.00375, 0.00525, 0.00674, 0.00823, 0.00972,  0.0112, 0.01268, 0.01415],\n",
       "[0.00125, 0.00375, 0.00624, 0.00873,  0.0112, 0.01366, 0.01611, 0.01853, 0.02094, 0.02332],\n",
       "[0.00175, 0.00525, 0.00873, 0.01219, 0.01562, 0.01902, 0.02237, 0.02567, 0.02892,  0.0321],\n",
       "[0.00225, 0.00674,  0.0112, 0.01562, 0.01998, 0.02426, 0.02846, 0.03255, 0.03653,  0.0404],\n",
       "[0.00275, 0.00823, 0.01366, 0.01902, 0.02426, 0.02937, 0.03433, 0.03912, 0.04373, 0.04815],\n",
       "[0.00325, 0.00972, 0.01611, 0.02237, 0.02846, 0.03433, 0.03998, 0.04536, 0.05048, 0.05532],\n",
       "[0.00375,  0.0112, 0.01853, 0.02567, 0.03255, 0.03912, 0.04536, 0.05124, 0.05675, 0.06191],\n",
       "[0.00425, 0.01268, 0.02094, 0.02892, 0.03653, 0.04373, 0.05048, 0.05675, 0.06257, 0.06793],\n",
       "[0.00475, 0.01415, 0.02332,  0.0321,  0.0404, 0.04815, 0.05532, 0.06191, 0.06793, 0.07342]])"
      ]
     },
     "execution_count": 1421,
     "metadata": {},
     "output_type": "execute_result"
    }
   ],
   "source": [
    "A = sp.Matrix(A)\n",
    "A"
   ]
  },
  {
   "cell_type": "code",
   "execution_count": 1422,
   "metadata": {},
   "outputs": [
    {
     "name": "stdout",
     "output_type": "stream",
     "text": [
      "1.00009 & 0.00028 & 0.00046 & 0.00065 & 0.00083 & 0.00102 & 0.00120 & 0.00139 & 0.00157 & 0.00176 \\\\ \n",
      "0.00028 & 1.00083 & 0.00139 & 0.00194 & 0.00249 & 0.00305 & 0.00360 & 0.00414 & 0.00469 & 0.00524 \\\\ \n",
      "0.00046 & 0.00139 & 1.00231 & 0.00323 & 0.00414 & 0.00505 & 0.00596 & 0.00686 & 0.00775 & 0.00863 \\\\ \n",
      "0.00065 & 0.00194 & 0.00323 & 1.00451 & 0.00578 & 0.00704 & 0.00828 & 0.00950 & 0.01070 & 0.01188 \\\\ \n",
      "0.00083 & 0.00249 & 0.00414 & 0.00578 & 1.00739 & 0.00898 & 0.01053 & 0.01204 & 0.01352 & 0.01495 \\\\ \n",
      "0.00102 & 0.00305 & 0.00505 & 0.00704 & 0.00898 & 1.01087 & 0.01270 & 0.01447 & 0.01618 & 0.01782 \\\\ \n",
      "0.00120 & 0.00360 & 0.00596 & 0.00828 & 0.01053 & 0.01270 & 1.01479 & 0.01678 & 0.01868 & 0.02047 \\\\ \n",
      "0.00139 & 0.00414 & 0.00686 & 0.00950 & 0.01204 & 0.01447 & 0.01678 & 1.01896 & 0.02100 & 0.02291 \\\\ \n",
      "0.00157 & 0.00469 & 0.00775 & 0.01070 & 0.01352 & 0.01618 & 0.01868 & 0.02100 & 1.02315 & 0.02513 \\\\ \n",
      "0.00176 & 0.00524 & 0.00863 & 0.01188 & 0.01495 & 0.01782 & 0.02047 & 0.02291 & 0.02513 & 1.02717 \\\\ \n"
     ]
    },
    {
     "data": {
      "text/latex": [
       "$\\displaystyle \\left[\\begin{matrix}1.0000925 & 0.0002775 & 0.0004625 & 0.0006475 & 0.0008325 & 0.0010175 & 0.0012025 & 0.0013875 & 0.0015725 & 0.0017575\\\\0.0002775 & 1.0008325 & 0.0013875 & 0.0019425 & 0.0024938 & 0.0030451 & 0.0035964 & 0.004144 & 0.0046916 & 0.0052355\\\\0.0004625 & 0.0013875 & 1.0023088 & 0.0032301 & 0.004144 & 0.0050542 & 0.0059607 & 0.0068561 & 0.0077478 & 0.0086284\\\\0.0006475 & 0.0019425 & 0.0032301 & 1.0045103 & 0.0057794 & 0.0070374 & 0.0082769 & 0.0094979 & 0.0107004 & 0.011877\\\\0.0008325 & 0.0024938 & 0.004144 & 0.0057794 & 1.0073926 & 0.0089762 & 0.0105302 & 0.0120435 & 0.0135161 & 0.014948\\\\0.0010175 & 0.0030451 & 0.0050542 & 0.0070374 & 0.0089762 & 1.0108669 & 0.0127021 & 0.0144744 & 0.0161801 & 0.0178155\\\\0.0012025 & 0.0035964 & 0.0059607 & 0.0082769 & 0.0105302 & 0.0127021 & 1.0147926 & 0.0167832 & 0.0186776 & 0.0204684\\\\0.0013875 & 0.004144 & 0.0068561 & 0.0094979 & 0.0120435 & 0.0144744 & 0.0167832 & 1.0189588 & 0.0209975 & 0.0229067\\\\0.0015725 & 0.0046916 & 0.0077478 & 0.0107004 & 0.0135161 & 0.0161801 & 0.0186776 & 0.0209975 & 1.0231509 & 0.0251341\\\\0.0017575 & 0.0052355 & 0.0086284 & 0.011877 & 0.014948 & 0.0178155 & 0.0204684 & 0.0229067 & 0.0251341 & 1.0271654\\end{matrix}\\right]$"
      ],
      "text/plain": [
       "Matrix([\n",
       "[1.0000925, 0.0002775, 0.0004625, 0.0006475, 0.0008325, 0.0010175, 0.0012025, 0.0013875, 0.0015725, 0.0017575],\n",
       "[0.0002775, 1.0008325, 0.0013875, 0.0019425, 0.0024938, 0.0030451, 0.0035964,  0.004144, 0.0046916, 0.0052355],\n",
       "[0.0004625, 0.0013875, 1.0023088, 0.0032301,  0.004144, 0.0050542, 0.0059607, 0.0068561, 0.0077478, 0.0086284],\n",
       "[0.0006475, 0.0019425, 0.0032301, 1.0045103, 0.0057794, 0.0070374, 0.0082769, 0.0094979, 0.0107004,  0.011877],\n",
       "[0.0008325, 0.0024938,  0.004144, 0.0057794, 1.0073926, 0.0089762, 0.0105302, 0.0120435, 0.0135161,  0.014948],\n",
       "[0.0010175, 0.0030451, 0.0050542, 0.0070374, 0.0089762, 1.0108669, 0.0127021, 0.0144744, 0.0161801, 0.0178155],\n",
       "[0.0012025, 0.0035964, 0.0059607, 0.0082769, 0.0105302, 0.0127021, 1.0147926, 0.0167832, 0.0186776, 0.0204684],\n",
       "[0.0013875,  0.004144, 0.0068561, 0.0094979, 0.0120435, 0.0144744, 0.0167832, 1.0189588, 0.0209975, 0.0229067],\n",
       "[0.0015725, 0.0046916, 0.0077478, 0.0107004, 0.0135161, 0.0161801, 0.0186776, 0.0209975, 1.0231509, 0.0251341],\n",
       "[0.0017575, 0.0052355, 0.0086284,  0.011877,  0.014948, 0.0178155, 0.0204684, 0.0229067, 0.0251341, 1.0271654]])"
      ]
     },
     "execution_count": 1422,
     "metadata": {},
     "output_type": "execute_result"
    }
   ],
   "source": [
    "EpLA = sp.eye(10) + Lambda * A\n",
    "\n",
    "for i, element in enumerate(EpLA):\n",
    "    print(round(element, 5), end=' & ') if (i + 1) % 10 != 0 else print(round(element, 5), end=' \\\\\\\\ \\n')\n",
    "\n",
    "EpLA"
   ]
  },
  {
   "cell_type": "code",
   "execution_count": 1423,
   "metadata": {},
   "outputs": [
    {
     "name": "stdout",
     "output_type": "stream",
     "text": [
      "0.99992 & -0.00025 & -0.00041 & -0.00058 & -0.00074 & -0.00091 & -0.00108 & -0.00125 & -0.00142 & -0.00159 \\\\ \n",
      "-0.00025 & 0.99926 & -0.00124 & -0.00173 & -0.00223 & -0.00273 & -0.00323 & -0.00373 & -0.00423 & -0.00473 \\\\ \n",
      "-0.00041 & -0.00124 & 0.99794 & -0.00288 & -0.00371 & -0.00453 & -0.00535 & -0.00617 & -0.00698 & -0.00780 \\\\ \n",
      "-0.00058 & -0.00173 & -0.00288 & 0.99597 & -0.00517 & -0.00631 & -0.00743 & -0.00854 & -0.00964 & -0.01072 \\\\ \n",
      "-0.00074 & -0.00223 & -0.00371 & -0.00517 & 0.99338 & -0.00805 & -0.00946 & -0.01083 & -0.01218 & -0.01349 \\\\ \n",
      "-0.00091 & -0.00273 & -0.00453 & -0.00631 & -0.00805 & 0.99024 & -0.01142 & -0.01302 & -0.01457 & -0.01606 \\\\ \n",
      "-0.00108 & -0.00323 & -0.00535 & -0.00743 & -0.00946 & -0.01142 & 0.98670 & -0.01510 & -0.01681 & -0.01843 \\\\ \n",
      "-0.00125 & -0.00373 & -0.00617 & -0.00854 & -0.01083 & -0.01302 & -0.01510 & 0.98295 & -0.01889 & -0.02060 \\\\ \n",
      "-0.00142 & -0.00423 & -0.00698 & -0.00964 & -0.01218 & -0.01457 & -0.01681 & -0.01889 & 0.97919 & -0.02258 \\\\ \n",
      "-0.00159 & -0.00473 & -0.00780 & -0.01072 & -0.01349 & -0.01606 & -0.01843 & -0.02060 & -0.02258 & 0.97562 \\\\ \n"
     ]
    },
    {
     "data": {
      "text/latex": [
       "$\\displaystyle \\left[\\begin{matrix}0.999917737739707 & -0.000246926848975379 & -0.000411934088348446 & -0.000577495999149113 & -0.000743789452650992 & -0.000910926070027053 & -0.0010789647220297 & -0.00124797391992032 & -0.00141793207979596 & -0.00158883128847263\\\\-0.000246926848975379 & 0.999258801617937 & -0.00123649226392766 & -0.00173344086775993 & -0.00222887216726503 & -0.00272681924609717 & -0.00322745781780794 & -0.00372729272728759 & -0.00422995956070894 & -0.00473173504963569\\\\-0.000411934088348446 & -0.00123649226392766 & 0.997940960859485 & -0.00288431874167799 & -0.00370580379164442 & -0.00452774459867497 & -0.00535043153693235 & -0.00616680401669524 & -0.00698415563347798 & -0.00779504872930361\\\\-0.000577495999149113 & -0.00173344086775993 & -0.00288431874167799 & 0.995968429198485 & -0.00517270415739831 & -0.0063084793263394 & -0.00743189778621008 & -0.00854343075319027 & -0.00964293121218835 & -0.0107229488497502\\\\-0.000743789452650992 & -0.00222887216726503 & -0.00370580379164442 & -0.00517270415739831 & 0.993376298855336 & -0.0080523564831406 & -0.00945917809044163 & -0.0108336651448532 & -0.0121756318118448 & -0.0134850171333011\\\\-0.000910926070027053 & -0.00272681924609717 & -0.00452774459867497 & -0.0063084793263394 & -0.0080523564831406 & 0.990243171523132 & -0.0114151043998364 & -0.0130205068524864 & -0.0145691131519059 & -0.0160571540555089\\\\-0.0010789647220297 & -0.00322745781780794 & -0.00535043153693235 & -0.00743189778621008 & -0.00945917809044164 & -0.0114151043998364 & 0.986699618753213 & -0.0150973498572945 & -0.0168094528082183 & -0.0184292150113017\\\\-0.00124797391992032 & -0.00372729272728759 & -0.00616680401669524 & -0.00854343075319027 & -0.0108336651448532 & -0.0130205068524864 & -0.0150973498572944 & 0.982945951567645 & -0.0188866126978474 & -0.0206023639622787\\\\-0.00141793207979596 & -0.00422995956070894 & -0.00698415563347798 & -0.00964293121218835 & -0.0121756318118448 & -0.0145691131519059 & -0.0168094528082183 & -0.0188866126978474 & 0.979188627473657 & -0.0225799523385167\\\\-0.00158883128847263 & -0.00473173504963569 & -0.0077950487293036 & -0.0107229488497502 & -0.0134850171333011 & -0.0160571540555089 & -0.0184292150113017 & -0.0206023639622787 & -0.0225799523385167 & 0.975623299218563\\end{matrix}\\right]$"
      ],
      "text/plain": [
       "Matrix([\n",
       "[    0.999917737739707, -0.000246926848975379, -0.000411934088348446, -0.000577495999149113, -0.000743789452650992, -0.000910926070027053,  -0.0010789647220297, -0.00124797391992032, -0.00141793207979596, -0.00158883128847263],\n",
       "[-0.000246926848975379,     0.999258801617937,  -0.00123649226392766,  -0.00173344086775993,  -0.00222887216726503,  -0.00272681924609717, -0.00322745781780794, -0.00372729272728759, -0.00422995956070894, -0.00473173504963569],\n",
       "[-0.000411934088348446,  -0.00123649226392766,     0.997940960859485,  -0.00288431874167799,  -0.00370580379164442,  -0.00452774459867497, -0.00535043153693235, -0.00616680401669524, -0.00698415563347798, -0.00779504872930361],\n",
       "[-0.000577495999149113,  -0.00173344086775993,  -0.00288431874167799,     0.995968429198485,  -0.00517270415739831,   -0.0063084793263394, -0.00743189778621008, -0.00854343075319027, -0.00964293121218835,  -0.0107229488497502],\n",
       "[-0.000743789452650992,  -0.00222887216726503,  -0.00370580379164442,  -0.00517270415739831,     0.993376298855336,   -0.0080523564831406, -0.00945917809044163,  -0.0108336651448532,  -0.0121756318118448,  -0.0134850171333011],\n",
       "[-0.000910926070027053,  -0.00272681924609717,  -0.00452774459867497,   -0.0063084793263394,   -0.0080523564831406,     0.990243171523132,  -0.0114151043998364,  -0.0130205068524864,  -0.0145691131519059,  -0.0160571540555089],\n",
       "[  -0.0010789647220297,  -0.00322745781780794,  -0.00535043153693235,  -0.00743189778621008,  -0.00945917809044164,   -0.0114151043998364,    0.986699618753213,  -0.0150973498572945,  -0.0168094528082183,  -0.0184292150113017],\n",
       "[ -0.00124797391992032,  -0.00372729272728759,  -0.00616680401669524,  -0.00854343075319027,   -0.0108336651448532,   -0.0130205068524864,  -0.0150973498572944,    0.982945951567645,  -0.0188866126978474,  -0.0206023639622787],\n",
       "[ -0.00141793207979596,  -0.00422995956070894,  -0.00698415563347798,  -0.00964293121218835,   -0.0121756318118448,   -0.0145691131519059,  -0.0168094528082183,  -0.0188866126978474,    0.979188627473657,  -0.0225799523385167],\n",
       "[ -0.00158883128847263,  -0.00473173504963569,   -0.0077950487293036,   -0.0107229488497502,   -0.0134850171333011,   -0.0160571540555089,  -0.0184292150113017,  -0.0206023639622787,  -0.0225799523385167,    0.975623299218563]])"
      ]
     },
     "execution_count": 1423,
     "metadata": {},
     "output_type": "execute_result"
    }
   ],
   "source": [
    "EpLA_inv = EpLA.inv()\n",
    "\n",
    "for i, element in enumerate(EpLA_inv):\n",
    "    print(round(element, 5), end=' & ') if (i + 1) % 10 != 0 else print(round(element, 5), end=' \\\\\\\\ \\n')\n",
    "\n",
    "EpLA_inv"
   ]
  },
  {
   "cell_type": "code",
   "execution_count": 1424,
   "metadata": {},
   "outputs": [
    {
     "data": {
      "text/latex": [
       "$\\displaystyle 1.1559365$"
      ],
      "text/plain": [
       "1.15593650000000"
      ]
     },
     "execution_count": 1424,
     "metadata": {},
     "output_type": "execute_result"
    }
   ],
   "source": [
    "EpLA_norm = norm(EpLA)\n",
    "EpLA_norm"
   ]
  },
  {
   "cell_type": "code",
   "execution_count": 1425,
   "metadata": {},
   "outputs": [
    {
     "data": {
      "text/latex": [
       "$\\displaystyle 1.09161556563663$"
      ],
      "text/plain": [
       "1.09161556563663"
      ]
     },
     "execution_count": 1425,
     "metadata": {},
     "output_type": "execute_result"
    }
   ],
   "source": [
    "EpLA_inv_norm = norm(EpLA_inv)\n",
    "EpLA_inv_norm"
   ]
  },
  {
   "cell_type": "code",
   "execution_count": 1426,
   "metadata": {},
   "outputs": [
    {
     "data": {
      "text/latex": [
       "$\\displaystyle 1.26183827628753$"
      ],
      "text/plain": [
       "1.26183827628753"
      ]
     },
     "execution_count": 1426,
     "metadata": {},
     "output_type": "execute_result"
    }
   ],
   "source": [
    "condEpLA = EpLA_norm * EpLA_inv_norm\n",
    "condEpLA"
   ]
  },
  {
   "cell_type": "code",
   "execution_count": 1427,
   "metadata": {},
   "outputs": [
    {
     "name": "stdout",
     "output_type": "stream",
     "text": [
      "row sum: 1.00925000000000\n",
      "row sum: 1.02764640000000\n",
      "row sum: 1.04578010000000\n",
      "row sum: 1.06349940000000\n",
      "row sum: 1.08065630000000\n",
      "row sum: 1.09716940000000\n",
      "row sum: 1.11299060000000\n",
      "row sum: 1.12804960000000\n",
      "row sum: 1.14236860000000\n",
      "row sum: 1.15593650000000\n"
     ]
    }
   ],
   "source": [
    "sumy = 0\n",
    "for i, el in enumerate(EpLA):\n",
    "    sumy += abs(el)\n",
    "    \n",
    "    if (i + 1) % 10 == 0: \n",
    "        print(f\"row sum: {sumy}\")\n",
    "        sumy = 0"
   ]
  },
  {
   "cell_type": "code",
   "execution_count": 1428,
   "metadata": {},
   "outputs": [
    {
     "data": {
      "text/latex": [
       "$\\displaystyle \\left[\\begin{matrix}1\\\\1\\\\1\\\\1\\\\1\\\\1\\\\1\\\\1\\\\1\\\\1\\end{matrix}\\right]$"
      ],
      "text/plain": [
       "Matrix([\n",
       "[1],\n",
       "[1],\n",
       "[1],\n",
       "[1],\n",
       "[1],\n",
       "[1],\n",
       "[1],\n",
       "[1],\n",
       "[1],\n",
       "[1]])"
      ]
     },
     "execution_count": 1428,
     "metadata": {},
     "output_type": "execute_result"
    }
   ],
   "source": [
    "sp.Matrix([1 for _ in range(10)])"
   ]
  },
  {
   "cell_type": "code",
   "execution_count": 1429,
   "metadata": {},
   "outputs": [
    {
     "data": {
      "text/latex": [
       "$\\displaystyle \\left[\\begin{matrix}1.00925\\\\1.0276464\\\\1.0457801\\\\1.0634994\\\\1.0806563\\\\1.0971694\\\\1.1129906\\\\1.1280496\\\\1.1423686\\\\1.1559365\\end{matrix}\\right]$"
      ],
      "text/plain": [
       "Matrix([\n",
       "[  1.00925],\n",
       "[1.0276464],\n",
       "[1.0457801],\n",
       "[1.0634994],\n",
       "[1.0806563],\n",
       "[1.0971694],\n",
       "[1.1129906],\n",
       "[1.1280496],\n",
       "[1.1423686],\n",
       "[1.1559365]])"
      ]
     },
     "execution_count": 1429,
     "metadata": {},
     "output_type": "execute_result"
    }
   ],
   "source": [
    "b = EpLA * sp.Matrix([1 for _ in range(10)])\n",
    "b"
   ]
  },
  {
   "cell_type": "code",
   "execution_count": 1430,
   "metadata": {},
   "outputs": [
    {
     "name": "stdout",
     "output_type": "stream",
     "text": [
      "1.00925000000000\\\\ \n",
      "1.02764640000000\\\\ \n",
      "1.04578010000000\\\\ \n",
      "1.06349940000000\\\\ \n",
      "1.08065630000000\\\\ \n",
      "1.09716940000000\\\\ \n",
      "1.11299060000000\\\\ \n",
      "1.12804960000000\\\\ \n",
      "1.14236860000000\\\\ \n",
      "1.15593650000000\\\\ \n"
     ]
    }
   ],
   "source": [
    "for el in b:\n",
    "    print(el, end='\\\\\\\\ \\n')"
   ]
  },
  {
   "cell_type": "code",
   "execution_count": 1431,
   "metadata": {},
   "outputs": [
    {
     "data": {
      "text/latex": [
       "$\\displaystyle \\left[\\begin{matrix}0.999999999999999\\\\0.999999999999999\\\\1.0\\\\0.999999999999999\\\\1.0\\\\1.0\\\\1.0\\\\1.0\\\\0.999999999999999\\\\1.0\\end{matrix}\\right]$"
      ],
      "text/plain": [
       "Matrix([\n",
       "[0.999999999999999],\n",
