{
 "cells": [
  {
   "cell_type": "code",
   "execution_count": 1830,
   "metadata": {},
   "outputs": [],
   "source": [
    "from IPython.display import display, Math\n",
    "\n",
    "import matplotlib.pyplot as plt\n",
    "import numpy as np\n",
    "import sympy as sp"
   ]
  },
  {
   "cell_type": "code",
   "execution_count": 1831,
   "metadata": {},
   "outputs": [],
   "source": [
    "N_ = 8\n",
    "# N_ = 9\n",
    "n_ = 52\n",
    "\n",
    "a_ = 0\n",
    "b_ = (N_+7)/N_\n",
    "\n",
    "n_step = 20"
   ]
  },
  {
   "cell_type": "code",
   "execution_count": 1832,
   "metadata": {},
   "outputs": [],
   "source": [
    "def K_func(s, tau):\n",
    "    if (0 <= s <= tau):\n",
    "        return s * (2 * (N_ + 7)/N_ - tau)\n",
    "    if (tau <= s <= (N_+7)/N_):\n",
    "        return tau * (2 * (N_ + 7)/N_ - s)"
   ]
  },
  {
   "cell_type": "code",
   "execution_count": null,
   "metadata": {},
   "outputs": [
    {
     "data": {
      "text/latex": [
       "$\\displaystyle \\begin{equation}                                       \\hphantom{1pt} B \\hphantom{1pt}     \\qquad                                               \\hphantom{1pt} A \\hphantom{1pt} \\end{equation}                                     $"
      ],
      "text/plain": [
       "<IPython.core.display.Math object>"
      ]
     },
     "metadata": {},
     "output_type": "display_data"
    },
    {
     "data": {
      "text/latex": [
       "$\\displaystyle \\begin{equation} \\left[\\begin{matrix}0\\\\0.0986842105263158\\\\0.197368421052632\\\\0.296052631578947\\\\0.394736842105263\\\\0.493421052631579\\\\0.592105263157895\\\\0.690789473684211\\\\0.789473684210526\\\\0.888157894736842\\\\0.986842105263158\\\\1.08552631578947\\\\1.18421052631579\\\\1.28289473684211\\\\1.38157894736842\\\\1.48026315789474\\\\1.57894736842105\\\\1.67763157894737\\\\1.77631578947368\\\\1.875\\end{matrix}\\right] \\qquad \\left[\\begin{matrix}0\\\\0.0986842105263158\\\\0.197368421052632\\\\0.296052631578947\\\\0.394736842105263\\\\0.493421052631579\\\\0.592105263157895\\\\0.690789473684211\\\\0.789473684210526\\\\0.888157894736842\\\\0.986842105263158\\\\1.08552631578947\\\\1.18421052631579\\\\1.28289473684211\\\\1.38157894736842\\\\1.48026315789474\\\\1.57894736842105\\\\1.67763157894737\\\\1.77631578947368\\\\1.875\\end{matrix}\\right] \\end{equation}$"
      ],
      "text/plain": [
       "<IPython.core.display.Math object>"
      ]
     },
     "metadata": {},
     "output_type": "display_data"
    }
   ],
   "source": [
    "# h_step = (b_ - a_)/(n_step - 1)\n",
    "# B = np.arange(a_, b_ + h_step, h_step)\n",
    "# # print(f'B: {B}')\n",
    "\n",
    "# tau_step = (b_ - a_)/(n_step - 1)\n",
    "# A = np.arange(a_, b_ + tau_step, tau_step)\n",
    "# # print(f'A: {A}')\n",
    "\n",
    "h_step = (b_ - a_)/(n_step)\n",
    "B = np.arange(a_ + h_step, b_+ h_step, h_step)\n",
    "\n",
    "tau_step = (b_ - a_)/(n_step)\n",
    "A = np.arange(a_ + tau_step, b_ + tau_step, tau_step)\n",
    "\n",
    "\n",
    "sizeB = len(str(float(B[0])))//2\n",
    "sizeA = len(str(float(A[0])))//2\n",
    "\n",
    "str_: str = f\"\\\\begin{{equation}}                                   \" \\\n",
    "            f\"    \\\\hphantom{{{sizeB}pt}} B \\\\hphantom{{{sizeB}pt}} \" \\\n",
    "            f\"    \\\\qquad                                           \" \\\n",
    "            f\"    \\\\hphantom{{{sizeA}pt}} A \\\\hphantom{{{sizeA}pt}} \" \\\n",
    "            f\"\\\\end{{equation}}                                     \" \\\n",
    "\n",
    "display(Math(str_))\n",
    "display(Math(f'$\\\\begin{{equation}} {sp.latex(sp.Matrix(B))} \\\\qquad {sp.latex(sp.Matrix(A))} \\\\end{{equation}}$'))"
   ]
  },
  {
   "cell_type": "code",
   "execution_count": 1834,
   "metadata": {},
   "outputs": [
    {
     "name": "stderr",
     "output_type": "stream",
     "text": [
      "C:\\Users\\HYPERPC\\AppData\\Local\\Temp\\ipykernel_12812\\1903003307.py:6: SymPyDeprecationWarning: \n",
      "\n",
      "non-Expr objects in a Matrix is deprecated. Matrix represents\n",
      "a mathematical matrix. To represent a container of non-numeric\n",
      "entities, Use a list of lists, TableForm, NumPy array, or some\n",
      "other data structure instead.\n",
      "\n",
      "See https://docs.sympy.org/latest/explanation/active-deprecations.html#deprecated-non-expr-in-matrix\n",
      "for details.\n",
      "\n",
      "This has been deprecated since SymPy version 1.9. It\n",
      "will be removed in a future version of SymPy.\n",
      "\n",
      "  display(Math(f'$\\\\begin{{equation}} B \\\\times A: {sp.latex(sp.Matrix(NET))} \\\\end{{equation}}$'))\n"
     ]
    },
    {
     "data": {
      "text/latex": [
       "$\\displaystyle \\begin{equation} B \\times A: \\left[\\begin{array}{cccccccccccccccccccc}\\left( 0.0, \\  0.0\\right) & \\left( 0.0, \\  0.0986842105263158\\right) & \\left( 0.0, \\  0.197368421052632\\right) & \\left( 0.0, \\  0.296052631578947\\right) & \\left( 0.0, \\  0.394736842105263\\right) & \\left( 0.0, \\  0.493421052631579\\right) & \\left( 0.0, \\  0.592105263157895\\right) & \\left( 0.0, \\  0.690789473684211\\right) & \\left( 0.0, \\  0.789473684210526\\right) & \\left( 0.0, \\  0.888157894736842\\right) & \\left( 0.0, \\  0.986842105263158\\right) & \\left( 0.0, \\  1.08552631578947\\right) & \\left( 0.0, \\  1.18421052631579\\right) & \\left( 0.0, \\  1.28289473684211\\right) & \\left( 0.0, \\  1.38157894736842\\right) & \\left( 0.0, \\  1.48026315789474\\right) & \\left( 0.0, \\  1.57894736842105\\right) & \\left( 0.0, \\  1.67763157894737\\right) & \\left( 0.0, \\  1.77631578947368\\right) & \\left( 0.0, \\  1.875\\right)\\\\\\left( 0.0986842105263158, \\  0.0\\right) & \\left( 0.0986842105263158, \\  0.0986842105263158\\right) & \\left( 0.0986842105263158, \\  0.197368421052632\\right) & \\left( 0.0986842105263158, \\  0.296052631578947\\right) & \\left( 0.0986842105263158, \\  0.394736842105263\\right) & \\left( 0.0986842105263158, \\  0.493421052631579\\right) & \\left( 0.0986842105263158, \\  0.592105263157895\\right) & \\left( 0.0986842105263158, \\  0.690789473684211\\right) & \\left( 0.0986842105263158, \\  0.789473684210526\\right) & \\left( 0.0986842105263158, \\  0.888157894736842\\right) & \\left( 0.0986842105263158, \\  0.986842105263158\\right) & \\left( 0.0986842105263158, \\  1.08552631578947\\right) & \\left( 0.0986842105263158, \\  1.18421052631579\\right) & \\left( 0.0986842105263158, \\  1.28289473684211\\right) & \\left( 0.0986842105263158, \\  1.38157894736842\\right) & \\left( 0.0986842105263158, \\  1.48026315789474\\right) & \\left( 0.0986842105263158, \\  1.57894736842105\\right) & \\left( 0.0986842105263158, \\  1.67763157894737\\right) & \\left( 0.0986842105263158, \\  1.77631578947368\\right) & \\left( 0.0986842105263158, \\  1.875\\right)\\\\\\left( 0.197368421052632, \\  0.0\\right) & \\left( 0.197368421052632, \\  0.0986842105263158\\right) & \\left( 0.197368421052632, \\  0.197368421052632\\right) & \\left( 0.197368421052632, \\  0.296052631578947\\right) & \\left( 0.197368421052632, \\  0.394736842105263\\right) & \\left( 0.197368421052632, \\  0.493421052631579\\right) & \\left( 0.197368421052632, \\  0.592105263157895\\right) & \\left( 0.197368421052632, \\  0.690789473684211\\right) & \\left( 0.197368421052632, \\  0.789473684210526\\right) & \\left( 0.197368421052632, \\  0.888157894736842\\right) & \\left( 0.197368421052632, \\  0.986842105263158\\right) & \\left( 0.197368421052632, \\  1.08552631578947\\right) & \\left( 0.197368421052632, \\  1.18421052631579\\right) & \\left( 0.197368421052632, \\  1.28289473684211\\right) & \\left( 0.197368421052632, \\  1.38157894736842\\right) & \\left( 0.197368421052632, \\  1.48026315789474\\right) & \\left( 0.197368421052632, \\  1.57894736842105\\right) & \\left( 0.197368421052632, \\  1.67763157894737\\right) & \\left( 0.197368421052632, \\  1.77631578947368\\right) & \\left( 0.197368421052632, \\  1.875\\right)\\\\\\left( 0.296052631578947, \\  0.0\\right) & \\left( 0.296052631578947, \\  0.0986842105263158\\right) & \\left( 0.296052631578947, \\  0.197368421052632\\right) & \\left( 0.296052631578947, \\  0.296052631578947\\right) & \\left( 0.296052631578947, \\  0.394736842105263\\right) & \\left( 0.296052631578947, \\  0.493421052631579\\right) & \\left( 0.296052631578947, \\  0.592105263157895\\right) & \\left( 0.296052631578947, \\  0.690789473684211\\right) & \\left( 0.296052631578947, \\  0.789473684210526\\right) & \\left( 0.296052631578947, \\  0.888157894736842\\right) & \\left( 0.296052631578947, \\  0.986842105263158\\right) & \\left( 0.296052631578947, \\  1.08552631578947\\right) & \\left( 0.296052631578947, \\  1.18421052631579\\right) & \\left( 0.296052631578947, \\  1.28289473684211\\right) & \\left( 0.296052631578947, \\  1.38157894736842\\right) & \\left( 0.296052631578947, \\  1.48026315789474\\right) & \\left( 0.296052631578947, \\  1.57894736842105\\right) & \\left( 0.296052631578947, \\  1.67763157894737\\right) & \\left( 0.296052631578947, \\  1.77631578947368\\right) & \\left( 0.296052631578947, \\  1.875\\right)\\\\\\left( 0.394736842105263, \\  0.0\\right) & \\left( 0.394736842105263, \\  0.0986842105263158\\right) & \\left( 0.394736842105263, \\  0.197368421052632\\right) & \\left( 0.394736842105263, \\  0.296052631578947\\right) & \\left( 0.394736842105263, \\  0.394736842105263\\right) & \\left( 0.394736842105263, \\  0.493421052631579\\right) & \\left( 0.394736842105263, \\  0.592105263157895\\right) & \\left( 0.394736842105263, \\  0.690789473684211\\right) & \\left( 0.394736842105263, \\  0.789473684210526\\right) & \\left( 0.394736842105263, \\  0.888157894736842\\right) & \\left( 0.394736842105263, \\  0.986842105263158\\right) & \\left( 0.394736842105263, \\  1.08552631578947\\right) & \\left( 0.394736842105263, \\  1.18421052631579\\right) & \\left( 0.394736842105263, \\  1.28289473684211\\right) & \\left( 0.394736842105263, \\  1.38157894736842\\right) & \\left( 0.394736842105263, \\  1.48026315789474\\right) & \\left( 0.394736842105263, \\  1.57894736842105\\right) & \\left( 0.394736842105263, \\  1.67763157894737\\right) & \\left( 0.394736842105263, \\  1.77631578947368\\right) & \\left( 0.394736842105263, \\  1.875\\right)\\\\\\left( 0.493421052631579, \\  0.0\\right) & \\left( 0.493421052631579, \\  0.0986842105263158\\right) & \\left( 0.493421052631579, \\  0.197368421052632\\right) & \\left( 0.493421052631579, \\  0.296052631578947\\right) & \\left( 0.493421052631579, \\  0.394736842105263\\right) & \\left( 0.493421052631579, \\  0.493421052631579\\right) & \\left( 0.493421052631579, \\  0.592105263157895\\right) & \\left( 0.493421052631579, \\  0.690789473684211\\right) & \\left( 0.493421052631579, \\  0.789473684210526\\right) & \\left( 0.493421052631579, \\  0.888157894736842\\right) & \\left( 0.493421052631579, \\  0.986842105263158\\right) & \\left( 0.493421052631579, \\  1.08552631578947\\right) & \\left( 0.493421052631579, \\  1.18421052631579\\right) & \\left( 0.493421052631579, \\  1.28289473684211\\right) & \\left( 0.493421052631579, \\  1.38157894736842\\right) & \\left( 0.493421052631579, \\  1.48026315789474\\right) & \\left( 0.493421052631579, \\  1.57894736842105\\right) & \\left( 0.493421052631579, \\  1.67763157894737\\right) & \\left( 0.493421052631579, \\  1.77631578947368\\right) & \\left( 0.493421052631579, \\  1.875\\right)\\\\\\left( 0.592105263157895, \\  0.0\\right) & \\left( 0.592105263157895, \\  0.0986842105263158\\right) & \\left( 0.592105263157895, \\  0.197368421052632\\right) & \\left( 0.592105263157895, \\  0.296052631578947\\right) & \\left( 0.592105263157895, \\  0.394736842105263\\right) & \\left( 0.592105263157895, \\  0.493421052631579\\right) & \\left( 0.592105263157895, \\  0.592105263157895\\right) & \\left( 0.592105263157895, \\  0.690789473684211\\right) & \\left( 0.592105263157895, \\  0.789473684210526\\right) & \\left( 0.592105263157895, \\  0.888157894736842\\right) & \\left( 0.592105263157895, \\  0.986842105263158\\right) & \\left( 0.592105263157895, \\  1.08552631578947\\right) & \\left( 0.592105263157895, \\  1.18421052631579\\right) & \\left( 0.592105263157895, \\  1.28289473684211\\right) & \\left( 0.592105263157895, \\  1.38157894736842\\right) & \\left( 0.592105263157895, \\  1.48026315789474\\right) & \\left( 0.592105263157895, \\  1.57894736842105\\right) & \\left( 0.592105263157895, \\  1.67763157894737\\right) & \\left( 0.592105263157895, \\  1.77631578947368\\right) & \\left( 0.592105263157895, \\  1.875\\right)\\\\\\left( 0.690789473684211, \\  0.0\\right) & \\left( 0.690789473684211, \\  0.0986842105263158\\right) & \\left( 0.690789473684211, \\  0.197368421052632\\right) & \\left( 0.690789473684211, \\  0.296052631578947\\right) & \\left( 0.690789473684211, \\  0.394736842105263\\right) & \\left( 0.690789473684211, \\  0.493421052631579\\right) & \\left( 0.690789473684211, \\  0.592105263157895\\right) & \\left( 0.690789473684211, \\  0.690789473684211\\right) & \\left( 0.690789473684211, \\  0.789473684210526\\right) & \\left( 0.690789473684211, \\  0.888157894736842\\right) & \\left( 0.690789473684211, \\  0.986842105263158\\right) & \\left( 0.690789473684211, \\  1.08552631578947\\right) & \\left( 0.690789473684211, \\  1.18421052631579\\right) & \\left( 0.690789473684211, \\  1.28289473684211\\right) & \\left( 0.690789473684211, \\  1.38157894736842\\right) & \\left( 0.690789473684211, \\  1.48026315789474\\right) & \\left( 0.690789473684211, \\  1.57894736842105\\right) & \\left( 0.690789473684211, \\  1.67763157894737\\right) & \\left( 0.690789473684211, \\  1.77631578947368\\right) & \\left( 0.690789473684211, \\  1.875\\right)\\\\\\left( 0.789473684210526, \\  0.0\\right) & \\left( 0.789473684210526, \\  0.0986842105263158\\right) & \\left( 0.789473684210526, \\  0.197368421052632\\right) & \\left( 0.789473684210526, \\  0.296052631578947\\right) & \\left( 0.789473684210526, \\  0.394736842105263\\right) & \\left( 0.789473684210526, \\  0.493421052631579\\right) & \\left( 0.789473684210526, \\  0.592105263157895\\right) & \\left( 0.789473684210526, \\  0.690789473684211\\right) & \\left( 0.789473684210526, \\  0.789473684210526\\right) & \\left( 0.789473684210526, \\  0.888157894736842\\right) & \\left( 0.789473684210526, \\  0.986842105263158\\right) & \\left( 0.789473684210526, \\  1.08552631578947\\right) & \\left( 0.789473684210526, \\  1.18421052631579\\right) & \\left( 0.789473684210526, \\  1.28289473684211\\right) & \\left( 0.789473684210526, \\  1.38157894736842\\right) & \\left( 0.789473684210526, \\  1.48026315789474\\right) & \\left( 0.789473684210526, \\  1.57894736842105\\right) & \\left( 0.789473684210526, \\  1.67763157894737\\right) & \\left( 0.789473684210526, \\  1.77631578947368\\right) & \\left( 0.789473684210526, \\  1.875\\right)\\\\\\left( 0.888157894736842, \\  0.0\\right) & \\left( 0.888157894736842, \\  0.0986842105263158\\right) & \\left( 0.888157894736842, \\  0.197368421052632\\right) & \\left( 0.888157894736842, \\  0.296052631578947\\right) & \\left( 0.888157894736842, \\  0.394736842105263\\right) & \\left( 0.888157894736842, \\  0.493421052631579\\right) & \\left( 0.888157894736842, \\  0.592105263157895\\right) & \\left( 0.888157894736842, \\  0.690789473684211\\right) & \\left( 0.888157894736842, \\  0.789473684210526\\right) & \\left( 0.888157894736842, \\  0.888157894736842\\right) & \\left( 0.888157894736842, \\  0.986842105263158\\right) & \\left( 0.888157894736842, \\  1.08552631578947\\right) & \\left( 0.888157894736842, \\  1.18421052631579\\right) & \\left( 0.888157894736842, \\  1.28289473684211\\right) & \\left( 0.888157894736842, \\  1.38157894736842\\right) & \\left( 0.888157894736842, \\  1.48026315789474\\right) & \\left( 0.888157894736842, \\  1.57894736842105\\right) & \\left( 0.888157894736842, \\  1.67763157894737\\right) & \\left( 0.888157894736842, \\  1.77631578947368\\right) & \\left( 0.888157894736842, \\  1.875\\right)\\\\\\left( 0.986842105263158, \\  0.0\\right) & \\left( 0.986842105263158, \\  0.0986842105263158\\right) & \\left( 0.986842105263158, \\  0.197368421052632\\right) & \\left( 0.986842105263158, \\  0.296052631578947\\right) & \\left( 0.986842105263158, \\  0.394736842105263\\right) & \\left( 0.986842105263158, \\  0.493421052631579\\right) & \\left( 0.986842105263158, \\  0.592105263157895\\right) & \\left( 0.986842105263158, \\  0.690789473684211\\right) & \\left( 0.986842105263158, \\  0.789473684210526\\right) & \\left( 0.986842105263158, \\  0.888157894736842\\right) & \\left( 0.986842105263158, \\  0.986842105263158\\right) & \\left( 0.986842105263158, \\  1.08552631578947\\right) & \\left( 0.986842105263158, \\  1.18421052631579\\right) & \\left( 0.986842105263158, \\  1.28289473684211\\right) & \\left( 0.986842105263158, \\  1.38157894736842\\right) & \\left( 0.986842105263158, \\  1.48026315789474\\right) & \\left( 0.986842105263158, \\  1.57894736842105\\right) & \\left( 0.986842105263158, \\  1.67763157894737\\right) & \\left( 0.986842105263158, \\  1.77631578947368\\right) & \\left( 0.986842105263158, \\  1.875\\right)\\\\\\left( 1.08552631578947, \\  0.0\\right) & \\left( 1.08552631578947, \\  0.0986842105263158\\right) & \\left( 1.08552631578947, \\  0.197368421052632\\right) & \\left( 1.08552631578947, \\  0.296052631578947\\right) & \\left( 1.08552631578947, \\  0.394736842105263\\right) & \\left( 1.08552631578947, \\  0.493421052631579\\right) & \\left( 1.08552631578947, \\  0.592105263157895\\right) & \\left( 1.08552631578947, \\  0.690789473684211\\right) & \\left( 1.08552631578947, \\  0.789473684210526\\right) & \\left( 1.08552631578947, \\  0.888157894736842\\right) & \\left( 1.08552631578947, \\  0.986842105263158\\right) & \\left( 1.08552631578947, \\  1.08552631578947\\right) & \\left( 1.08552631578947, \\  1.18421052631579\\right) & \\left( 1.08552631578947, \\  1.28289473684211\\right) & \\left( 1.08552631578947, \\  1.38157894736842\\right) & \\left( 1.08552631578947, \\  1.48026315789474\\right) & \\left( 1.08552631578947, \\  1.57894736842105\\right) & \\left( 1.08552631578947, \\  1.67763157894737\\right) & \\left( 1.08552631578947, \\  1.77631578947368\\right) & \\left( 1.08552631578947, \\  1.875\\right)\\\\\\left( 1.18421052631579, \\  0.0\\right) & \\left( 1.18421052631579, \\  0.0986842105263158\\right) & \\left( 1.18421052631579, \\  0.197368421052632\\right) & \\left( 1.18421052631579, \\  0.296052631578947\\right) & \\left( 1.18421052631579, \\  0.394736842105263\\right) & \\left( 1.18421052631579, \\  0.493421052631579\\right) & \\left( 1.18421052631579, \\  0.592105263157895\\right) & \\left( 1.18421052631579, \\  0.690789473684211\\right) & \\left( 1.18421052631579, \\  0.789473684210526\\right) & \\left( 1.18421052631579, \\  0.888157894736842\\right) & \\left( 1.18421052631579, \\  0.986842105263158\\right) & \\left( 1.18421052631579, \\  1.08552631578947\\right) & \\left( 1.18421052631579, \\  1.18421052631579\\right) & \\left( 1.18421052631579, \\  1.28289473684211\\right) & \\left( 1.18421052631579, \\  1.38157894736842\\right) & \\left( 1.18421052631579, \\  1.48026315789474\\right) & \\left( 1.18421052631579, \\  1.57894736842105\\right) & \\left( 1.18421052631579, \\  1.67763157894737\\right) & \\left( 1.18421052631579, \\  1.77631578947368\\right) & \\left( 1.18421052631579, \\  1.875\\right)\\\\\\left( 1.28289473684211, \\  0.0\\right) & \\left( 1.28289473684211, \\  0.0986842105263158\\right) & \\left( 1.28289473684211, \\  0.197368421052632\\right) & \\left( 1.28289473684211, \\  0.296052631578947\\right) & \\left( 1.28289473684211, \\  0.394736842105263\\right) & \\left( 1.28289473684211, \\  0.493421052631579\\right) & \\left( 1.28289473684211, \\  0.592105263157895\\right) & \\left( 1.28289473684211, \\  0.690789473684211\\right) & \\left( 1.28289473684211, \\  0.789473684210526\\right) & \\left( 1.28289473684211, \\  0.888157894736842\\right) & \\left( 1.28289473684211, \\  0.986842105263158\\right) & \\left( 1.28289473684211, \\  1.08552631578947\\right) & \\left( 1.28289473684211, \\  1.18421052631579\\right) & \\left( 1.28289473684211, \\  1.28289473684211\\right) & \\left( 1.28289473684211, \\  1.38157894736842\\right) & \\left( 1.28289473684211, \\  1.48026315789474\\right) & \\left( 1.28289473684211, \\  1.57894736842105\\right) & \\left( 1.28289473684211, \\  1.67763157894737\\right) & \\left( 1.28289473684211, \\  1.77631578947368\\right) & \\left( 1.28289473684211, \\  1.875\\right)\\\\\\left( 1.38157894736842, \\  0.0\\right) & \\left( 1.38157894736842, \\  0.0986842105263158\\right) & \\left( 1.38157894736842, \\  0.197368421052632\\right) & \\left( 1.38157894736842, \\  0.296052631578947\\right) & \\left( 1.38157894736842, \\  0.394736842105263\\right) & \\left( 1.38157894736842, \\  0.493421052631579\\right) & \\left( 1.38157894736842, \\  0.592105263157895\\right) & \\left( 1.38157894736842, \\  0.690789473684211\\right) & \\left( 1.38157894736842, \\  0.789473684210526\\right) & \\left( 1.38157894736842, \\  0.888157894736842\\right) & \\left( 1.38157894736842, \\  0.986842105263158\\right) & \\left( 1.38157894736842, \\  1.08552631578947\\right) & \\left( 1.38157894736842, \\  1.18421052631579\\right) & \\left( 1.38157894736842, \\  1.28289473684211\\right) & \\left( 1.38157894736842, \\  1.38157894736842\\right) & \\left( 1.38157894736842, \\  1.48026315789474\\right) & \\left( 1.38157894736842, \\  1.57894736842105\\right) & \\left( 1.38157894736842, \\  1.67763157894737\\right) & \\left( 1.38157894736842, \\  1.77631578947368\\right) & \\left( 1.38157894736842, \\  1.875\\right)\\\\\\left( 1.48026315789474, \\  0.0\\right) & \\left( 1.48026315789474, \\  0.0986842105263158\\right) & \\left( 1.48026315789474, \\  0.197368421052632\\right) & \\left( 1.48026315789474, \\  0.296052631578947\\right) & \\left( 1.48026315789474, \\  0.394736842105263\\right) & \\left( 1.48026315789474, \\  0.493421052631579\\right) & \\left( 1.48026315789474, \\  0.592105263157895\\right) & \\left( 1.48026315789474, \\  0.690789473684211\\right) & \\left( 1.48026315789474, \\  0.789473684210526\\right) & \\left( 1.48026315789474, \\  0.888157894736842\\right) & \\left( 1.48026315789474, \\  0.986842105263158\\right) & \\left( 1.48026315789474, \\  1.08552631578947\\right) & \\left( 1.48026315789474, \\  1.18421052631579\\right) & \\left( 1.48026315789474, \\  1.28289473684211\\right) & \\left( 1.48026315789474, \\  1.38157894736842\\right) & \\left( 1.48026315789474, \\  1.48026315789474\\right) & \\left( 1.48026315789474, \\  1.57894736842105\\right) & \\left( 1.48026315789474, \\  1.67763157894737\\right) & \\left( 1.48026315789474, \\  1.77631578947368\\right) & \\left( 1.48026315789474, \\  1.875\\right)\\\\\\left( 1.57894736842105, \\  0.0\\right) & \\left( 1.57894736842105, \\  0.0986842105263158\\right) & \\left( 1.57894736842105, \\  0.197368421052632\\right) & \\left( 1.57894736842105, \\  0.296052631578947\\right) & \\left( 1.57894736842105, \\  0.394736842105263\\right) & \\left( 1.57894736842105, \\  0.493421052631579\\right) & \\left( 1.57894736842105, \\  0.592105263157895\\right) & \\left( 1.57894736842105, \\  0.690789473684211\\right) & \\left( 1.57894736842105, \\  0.789473684210526\\right) & \\left( 1.57894736842105, \\  0.888157894736842\\right) & \\left( 1.57894736842105, \\  0.986842105263158\\right) & \\left( 1.57894736842105, \\  1.08552631578947\\right) & \\left( 1.57894736842105, \\  1.18421052631579\\right) & \\left( 1.57894736842105, \\  1.28289473684211\\right) & \\left( 1.57894736842105, \\  1.38157894736842\\right) & \\left( 1.57894736842105, \\  1.48026315789474\\right) & \\left( 1.57894736842105, \\  1.57894736842105\\right) & \\left( 1.57894736842105, \\  1.67763157894737\\right) & \\left( 1.57894736842105, \\  1.77631578947368\\right) & \\left( 1.57894736842105, \\  1.875\\right)\\\\\\left( 1.67763157894737, \\  0.0\\right) & \\left( 1.67763157894737, \\  0.0986842105263158\\right) & \\left( 1.67763157894737, \\  0.197368421052632\\right) & \\left( 1.67763157894737, \\  0.296052631578947\\right) & \\left( 1.67763157894737, \\  0.394736842105263\\right) & \\left( 1.67763157894737, \\  0.493421052631579\\right) & \\left( 1.67763157894737, \\  0.592105263157895\\right) & \\left( 1.67763157894737, \\  0.690789473684211\\right) & \\left( 1.67763157894737, \\  0.789473684210526\\right) & \\left( 1.67763157894737, \\  0.888157894736842\\right) & \\left( 1.67763157894737, \\  0.986842105263158\\right) & \\left( 1.67763157894737, \\  1.08552631578947\\right) & \\left( 1.67763157894737, \\  1.18421052631579\\right) & \\left( 1.67763157894737, \\  1.28289473684211\\right) & \\left( 1.67763157894737, \\  1.38157894736842\\right) & \\left( 1.67763157894737, \\  1.48026315789474\\right) & \\left( 1.67763157894737, \\  1.57894736842105\\right) & \\left( 1.67763157894737, \\  1.67763157894737\\right) & \\left( 1.67763157894737, \\  1.77631578947368\\right) & \\left( 1.67763157894737, \\  1.875\\right)\\\\\\left( 1.77631578947368, \\  0.0\\right) & \\left( 1.77631578947368, \\  0.0986842105263158\\right) & \\left( 1.77631578947368, \\  0.197368421052632\\right) & \\left( 1.77631578947368, \\  0.296052631578947\\right) & \\left( 1.77631578947368, \\  0.394736842105263\\right) & \\left( 1.77631578947368, \\  0.493421052631579\\right) & \\left( 1.77631578947368, \\  0.592105263157895\\right) & \\left( 1.77631578947368, \\  0.690789473684211\\right) & \\left( 1.77631578947368, \\  0.789473684210526\\right) & \\left( 1.77631578947368, \\  0.888157894736842\\right) & \\left( 1.77631578947368, \\  0.986842105263158\\right) & \\left( 1.77631578947368, \\  1.08552631578947\\right) & \\left( 1.77631578947368, \\  1.18421052631579\\right) & \\left( 1.77631578947368, \\  1.28289473684211\\right) & \\left( 1.77631578947368, \\  1.38157894736842\\right) & \\left( 1.77631578947368, \\  1.48026315789474\\right) & \\left( 1.77631578947368, \\  1.57894736842105\\right) & \\left( 1.77631578947368, \\  1.67763157894737\\right) & \\left( 1.77631578947368, \\  1.77631578947368\\right) & \\left( 1.77631578947368, \\  1.875\\right)\\\\\\left( 1.875, \\  0.0\\right) & \\left( 1.875, \\  0.0986842105263158\\right) & \\left( 1.875, \\  0.197368421052632\\right) & \\left( 1.875, \\  0.296052631578947\\right) & \\left( 1.875, \\  0.394736842105263\\right) & \\left( 1.875, \\  0.493421052631579\\right) & \\left( 1.875, \\  0.592105263157895\\right) & \\left( 1.875, \\  0.690789473684211\\right) & \\left( 1.875, \\  0.789473684210526\\right) & \\left( 1.875, \\  0.888157894736842\\right) & \\left( 1.875, \\  0.986842105263158\\right) & \\left( 1.875, \\  1.08552631578947\\right) & \\left( 1.875, \\  1.18421052631579\\right) & \\left( 1.875, \\  1.28289473684211\\right) & \\left( 1.875, \\  1.38157894736842\\right) & \\left( 1.875, \\  1.48026315789474\\right) & \\left( 1.875, \\  1.57894736842105\\right) & \\left( 1.875, \\  1.67763157894737\\right) & \\left( 1.875, \\  1.77631578947368\\right) & \\left( 1.875, \\  1.875\\right)\\end{array}\\right] \\end{equation}$"
      ],
      "text/plain": [
       "<IPython.core.display.Math object>"
      ]
     },
     "metadata": {},
     "output_type": "display_data"
    }
   ],
   "source": [
    "NET = [[(0, 0) for _ in range(n_step)] for _ in range(n_step)]\n",
    "for i in range(n_step):\n",
    "    for j in range(n_step):\n",
    "        NET[i][j] = (B[i], A[j])\n",
    "\n",
    "display(Math(f'$\\\\begin{{equation}} B \\\\times A: {sp.latex(sp.Matrix(NET))} \\\\end{{equation}}$'))"
   ]
  },
  {
   "cell_type": "code",
   "execution_count": 1835,
   "metadata": {},
   "outputs": [
    {
     "data": {
      "text/latex": [
       "$\\displaystyle \\begin{equation} K^i_j: \\left[\\begin{array}{cccccccccccccccccccc}0 & 0 & 0 & 0 & 0 & 0 & 0 & 0 & 0 & 0 & 0 & 0 & 0 & 0 & 0 & 0 & 0 & 0 & 0 & 0\\\\0 & 0.360327216066482 & 0.35058864265928 & 0.340850069252078 & 0.331111495844875 & 0.321372922437673 & 0.311634349030471 & 0.301895775623269 & 0.292157202216066 & 0.282418628808864 & 0.272680055401662 & 0.26294148199446 & 0.253202908587258 & 0.243464335180055 & 0.233725761772853 & 0.223987188365651 & 0.214248614958449 & 0.204510041551247 & 0.194771468144044 & 0.185032894736842\\\\0 & 0.35058864265928 & 0.70117728531856 & 0.681700138504155 & 0.662222991689751 & 0.642745844875346 & 0.623268698060942 & 0.603791551246537 & 0.584314404432133 & 0.564837257617729 & 0.545360110803324 & 0.52588296398892 & 0.506405817174515 & 0.486928670360111 & 0.467451523545706 & 0.447974376731302 & 0.428497229916897 & 0.409020083102493 & 0.389542936288089 & 0.370065789473684\\\\0 & 0.340850069252078 & 0.681700138504155 & 1.02255020775623 & 0.993334487534626 & 0.964118767313019 & 0.934903047091413 & 0.905687326869806 & 0.876471606648199 & 0.847255886426593 & 0.818040166204986 & 0.78882444598338 & 0.759608725761773 & 0.730393005540166 & 0.701177285318559 & 0.671961565096953 & 0.642745844875346 & 0.61353012465374 & 0.584314404432133 & 0.555098684210526\\\\0 & 0.331111495844875 & 0.662222991689751 & 0.993334487534626 & 1.3244459833795 & 1.28549168975069 & 1.24653739612188 & 1.20758310249307 & 1.16862880886427 & 1.12967451523546 & 1.09072022160665 & 1.05176592797784 & 1.01281163434903 & 0.973857340720222 & 0.934903047091413 & 0.895948753462604 & 0.856994459833795 & 0.818040166204986 & 0.779085872576177 & 0.740131578947368\\\\0 & 0.321372922437673 & 0.642745844875346 & 0.964118767313019 & 1.28549168975069 & 1.60686461218837 & 1.55817174515235 & 1.50947887811634 & 1.46078601108033 & 1.41209314404432 & 1.36340027700831 & 1.3147074099723 & 1.26601454293629 & 1.21732167590028 & 1.16862880886427 & 1.11993594182825 & 1.07124307479224 & 1.02255020775623 & 0.973857340720222 & 0.925164473684211\\\\0 & 0.311634349030471 & 0.623268698060942 & 0.934903047091413 & 1.24653739612188 & 1.55817174515235 & 1.86980609418283 & 1.81137465373961 & 1.7529432132964 & 1.69451177285319 & 1.63608033240997 & 1.57764889196676 & 1.51921745152355 & 1.46078601108033 & 1.40235457063712 & 1.34392313019391 & 1.28549168975069 & 1.22706024930748 & 1.16862880886427 & 1.11019736842105\\\\0 & 0.301895775623269 & 0.603791551246537 & 0.905687326869806 & 1.20758310249307 & 1.50947887811634 & 1.81137465373961 & 2.11327042936288 & 2.04510041551247 & 1.97693040166205 & 1.90876038781163 & 1.84059037396122 & 1.7724203601108 & 1.70425034626039 & 1.63608033240997 & 1.56791031855956 & 1.49974030470914 & 1.43157029085873 & 1.36340027700831 & 1.29523026315789\\\\0 & 0.292157202216066 & 0.584314404432133 & 0.876471606648199 & 1.16862880886427 & 1.46078601108033 & 1.7529432132964 & 2.04510041551247 & 2.33725761772853 & 2.25934903047091 & 2.1814404432133 & 2.10353185595568 & 2.02562326869806 & 1.94771468144044 & 1.86980609418283 & 1.79189750692521 & 1.71398891966759 & 1.63608033240997 & 1.55817174515235 & 1.48026315789474\\\\0 & 0.282418628808864 & 0.564837257617729 & 0.847255886426593 & 1.12967451523546 & 1.41209314404432 & 1.69451177285319 & 1.97693040166205 & 2.25934903047091 & 2.54176765927978 & 2.45412049861496 & 2.36647333795014 & 2.27882617728532 & 2.1911790166205 & 2.10353185595568 & 2.01588469529086 & 1.92823753462604 & 1.84059037396122 & 1.7529432132964 & 1.66529605263158\\\\0 & 0.272680055401662 & 0.545360110803324 & 0.818040166204986 & 1.09072022160665 & 1.36340027700831 & 1.63608033240997 & 1.90876038781163 & 2.1814404432133 & 2.45412049861496 & 2.72680055401662 & 2.6294148199446 & 2.53202908587258 & 2.43464335180055 & 2.33725761772853 & 2.23987188365651 & 2.14248614958449 & 2.04510041551247 & 1.94771468144044 & 1.85032894736842\\\\0 & 0.26294148199446 & 0.52588296398892 & 0.78882444598338 & 1.05176592797784 & 1.3147074099723 & 1.57764889196676 & 1.84059037396122 & 2.10353185595568 & 2.36647333795014 & 2.6294148199446 & 2.89235630193906 & 2.78523199445983 & 2.67810768698061 & 2.57098337950139 & 2.46385907202216 & 2.35673476454294 & 2.24961045706371 & 2.14248614958449 & 2.03536184210526\\\\0 & 0.253202908587258 & 0.506405817174515 & 0.759608725761773 & 1.01281163434903 & 1.26601454293629 & 1.51921745152355 & 1.7724203601108 & 2.02562326869806 & 2.27882617728532 & 2.53202908587258 & 2.78523199445983 & 3.03843490304709 & 2.92157202216066 & 2.80470914127424 & 2.68784626038781 & 2.57098337950139 & 2.45412049861496 & 2.33725761772853 & 2.22039473684211\\\\0 & 0.243464335180055 & 0.486928670360111 & 0.730393005540166 & 0.973857340720222 & 1.21732167590028 & 1.46078601108033 & 1.70425034626039 & 1.94771468144044 & 2.1911790166205 & 2.43464335180055 & 2.67810768698061 & 2.92157202216066 & 3.16503635734072 & 3.03843490304709 & 2.91183344875346 & 2.78523199445983 & 2.65863054016621 & 2.53202908587258 & 2.40542763157895\\\\0 & 0.233725761772853 & 0.467451523545706 & 0.701177285318559 & 0.934903047091413 & 1.16862880886427 & 1.40235457063712 & 1.63608033240997 & 1.86980609418283 & 2.10353185595568 & 2.33725761772853 & 2.57098337950139 & 2.80470914127424 & 3.03843490304709 & 3.27216066481994 & 3.13582063711911 & 2.99948060941828 & 2.86314058171745 & 2.72680055401662 & 2.59046052631579\\\\0 & 0.223987188365651 & 0.447974376731302 & 0.671961565096953 & 0.895948753462604 & 1.11993594182825 & 1.34392313019391 & 1.56791031855956 & 1.79189750692521 & 2.01588469529086 & 2.23987188365651 & 2.46385907202216 & 2.68784626038781 & 2.91183344875346 & 3.13582063711911 & 3.35980782548476 & 3.21372922437673 & 3.0676506232687 & 2.92157202216066 & 2.77549342105263\\\\0 & 0.214248614958449 & 0.428497229916897 & 0.642745844875346 & 0.856994459833795 & 1.07124307479224 & 1.28549168975069 & 1.49974030470914 & 1.71398891966759 & 1.92823753462604 & 2.14248614958449 & 2.35673476454294 & 2.57098337950139 & 2.78523199445983 & 2.99948060941828 & 3.21372922437673 & 3.42797783933518 & 3.27216066481995 & 3.11634349030471 & 2.96052631578947\\\\0 & 0.204510041551247 & 0.409020083102493 & 0.61353012465374 & 0.818040166204986 & 1.02255020775623 & 1.22706024930748 & 1.43157029085873 & 1.63608033240997 & 1.84059037396122 & 2.04510041551247 & 2.24961045706371 & 2.45412049861496 & 2.65863054016621 & 2.86314058171745 & 3.0676506232687 & 3.27216066481995 & 3.47667070637119 & 3.31111495844875 & 3.14555921052632\\\\0 & 0.194771468144044 & 0.389542936288089 & 0.584314404432133 & 0.779085872576177 & 0.973857340720222 & 1.16862880886427 & 1.36340027700831 & 1.55817174515235 & 1.7529432132964 & 1.94771468144044 & 2.14248614958449 & 2.33725761772853 & 2.53202908587258 & 2.72680055401662 & 2.92157202216066 & 3.11634349030471 & 3.31111495844875 & 3.5058864265928 & 3.33059210526316\\\\0 & 0.185032894736842 & 0.370065789473684 & 0.555098684210526 & 0.740131578947368 & 0.925164473684211 & 1.11019736842105 & 1.29523026315789 & 1.48026315789474 & 1.66529605263158 & 1.85032894736842 & 2.03536184210526 & 2.22039473684211 & 2.40542763157895 & 2.59046052631579 & 2.77549342105263 & 2.96052631578947 & 3.14555921052632 & 3.33059210526316 & 3.515625\\end{array}\\right] \\end{equation}$"
      ],
      "text/plain": [
       "<IPython.core.display.Math object>"
      ]
     },
     "metadata": {},
     "output_type": "display_data"
    }
   ],
   "source": [
    "K_ = np.zeros((n_step, n_step))\n",
    "for i in range(n_step):\n",
    "    for j in range(n_step):\n",
    "        s_i   = NET[i][j][0]\n",
    "        tau_j = NET[i][j][1]\n",
    "        K_[i][j] = K_func(s_i, tau_j)\n",
    "\n",
    "display(Math(f'$\\\\begin{{equation}} K^i_j: {sp.latex(sp.Matrix(K_))} \\\\end{{equation}}$'))"
   ]
  },
  {
   "cell_type": "code",
   "execution_count": 1836,
   "metadata": {},
   "outputs": [
    {
     "data": {
      "text/latex": [
