{
 "cells": [
  {
   "cell_type": "code",
   "execution_count": 967,
   "metadata": {},
   "outputs": [],
   "source": [
    "from IPython.display import display, Math\n",
    "\n",
    "import matplotlib.pyplot as plt\n",
    "import numpy as np\n",
    "import sympy as sp"
   ]
  },
  {
   "cell_type": "code",
   "execution_count": 968,
   "metadata": {},
   "outputs": [],
   "source": [
    "PRECISION = 5"
   ]
  },
  {
   "cell_type": "code",
   "execution_count": 969,
   "metadata": {},
   "outputs": [],
   "source": [
    "# N_ = 8\n",
    "N_ = 9\n",
    "n_ = 52\n",
    "\n",
    "a_ = 0\n",
    "b_ = (N_+7)/N_\n",
    "\n",
    "n_step = 20"
   ]
  },
  {
   "cell_type": "code",
   "execution_count": 970,
   "metadata": {},
   "outputs": [],
   "source": [
    "def K_func(s, tau):\n",
    "    if (0 <= s <= tau):\n",
    "        return s * (2 * (N_ + 7)/N_ - tau)\n",
    "    if (tau <= s <= (N_+7)/N_):\n",
    "        return tau * (2 * (N_ + 7)/N_ - s)"
   ]
  },
  {
   "cell_type": "code",
   "execution_count": 971,
   "metadata": {},
   "outputs": [
    {
     "data": {
      "text/latex": [
       "$\\displaystyle \\begin{equation}                                       \\hphantom{9pt} B \\hphantom{9pt}     \\qquad                                               \\hphantom{9pt} A \\hphantom{9pt} \\end{equation}                                     $"
      ],
      "text/plain": [
       "<IPython.core.display.Math object>"
      ]
     },
     "metadata": {},
     "output_type": "display_data"
    },
    {
     "data": {
      "text/latex": [
       "$\\displaystyle \\begin{equation} \\left[\\begin{matrix}0.088889\\\\0.17778\\\\0.26667\\\\0.35556\\\\0.44444\\\\0.53333\\\\0.62222\\\\0.71111\\\\0.8\\\\0.88889\\\\0.97778\\\\1.0667\\\\1.1556\\\\1.2444\\\\1.3333\\\\1.4222\\\\1.5111\\\\1.6\\\\1.6889\\\\1.7778\\end{matrix}\\right] \\qquad \\left[\\begin{matrix}0.088889\\\\0.17778\\\\0.26667\\\\0.35556\\\\0.44444\\\\0.53333\\\\0.62222\\\\0.71111\\\\0.8\\\\0.88889\\\\0.97778\\\\1.0667\\\\1.1556\\\\1.2444\\\\1.3333\\\\1.4222\\\\1.5111\\\\1.6\\\\1.6889\\\\1.7778\\end{matrix}\\right] \\end{equation}$"
      ],
      "text/plain": [
       "<IPython.core.display.Math object>"
      ]
     },
     "metadata": {},
     "output_type": "display_data"
    }
   ],
   "source": [
    "# h_step = (b_ - a_)/(n_step - 1)\n",
    "# B = np.arange(a_, b_ + h_step, h_step)\n",
    "# # print(f'B: {B}')\n",
    "\n",
    "# tau_step = (b_ - a_)/(n_step - 1)\n",
    "# A = np.arange(a_, b_ + tau_step, tau_step)\n",
    "# # print(f'A: {A}')\n",
    "\n",
    "h_step = (b_ - a_)/(n_step)\n",
    "B = np.arange(a_ + h_step, b_+ h_step, h_step)\n",
    "\n",
    "tau_step = (b_ - a_)/(n_step)\n",
    "A = np.arange(a_ + tau_step, b_ + tau_step, tau_step)\n",
    "\n",
    "\n",
    "sizeB = len(str(float(B[0])))//2\n",
    "sizeA = len(str(float(A[0])))//2\n",
    "\n",
    "str_: str = f\"\\\\begin{{equation}}                                   \" \\\n",
    "            f\"    \\\\hphantom{{{sizeB}pt}} B \\\\hphantom{{{sizeB}pt}} \" \\\n",
    "            f\"    \\\\qquad                                           \" \\\n",
    "            f\"    \\\\hphantom{{{sizeA}pt}} A \\\\hphantom{{{sizeA}pt}} \" \\\n",
    "            f\"\\\\end{{equation}}                                     \" \\\n",
    "\n",
    "display(Math(str_))\n",
    "display(Math(f'$\\\\begin{{equation}} {sp.latex(sp.Matrix(B).evalf(PRECISION))} \\\\qquad {sp.latex(sp.Matrix(A).evalf(PRECISION))} \\\\end{{equation}}$'))"
   ]
  },
  {
   "cell_type": "code",
   "execution_count": 972,
   "metadata": {},
   "outputs": [
    {
     "name": "stderr",
     "output_type": "stream",
     "text": [
      "C:\\Users\\HYPERPC\\AppData\\Local\\Temp\\ipykernel_20544\\1903003307.py:6: SymPyDeprecationWarning: \n",
      "\n",
      "non-Expr objects in a Matrix is deprecated. Matrix represents\n",
      "a mathematical matrix. To represent a container of non-numeric\n",
      "entities, Use a list of lists, TableForm, NumPy array, or some\n",
      "other data structure instead.\n",
      "\n",
      "See https://docs.sympy.org/latest/explanation/active-deprecations.html#deprecated-non-expr-in-matrix\n",
      "for details.\n",
      "\n",
      "This has been deprecated since SymPy version 1.9. It\n",
      "will be removed in a future version of SymPy.\n",
      "\n",
      "  display(Math(f'$\\\\begin{{equation}} B \\\\times A: {sp.latex(sp.Matrix(NET))} \\\\end{{equation}}$'))\n"
     ]
    },
    {
     "data": {
      "text/latex": [
       "$\\displaystyle \\begin{equation} B \\times A: \\left[\\begin{array}{cccccccccccccccccccc}\\left( 0.0888888888888889, \\  0.0888888888888889\\right) & \\left( 0.0888888888888889, \\  0.177777777777778\\right) & \\left( 0.0888888888888889, \\  0.266666666666667\\right) & \\left( 0.0888888888888889, \\  0.355555555555556\\right) & \\left( 0.0888888888888889, \\  0.444444444444444\\right) & \\left( 0.0888888888888889, \\  0.533333333333333\\right) & \\left( 0.0888888888888889, \\  0.622222222222222\\right) & \\left( 0.0888888888888889, \\  0.711111111111111\\right) & \\left( 0.0888888888888889, \\  0.8\\right) & \\left( 0.0888888888888889, \\  0.888888888888889\\right) & \\left( 0.0888888888888889, \\  0.977777777777778\\right) & \\left( 0.0888888888888889, \\  1.06666666666667\\right) & \\left( 0.0888888888888889, \\  1.15555555555556\\right) & \\left( 0.0888888888888889, \\  1.24444444444444\\right) & \\left( 0.0888888888888889, \\  1.33333333333333\\right) & \\left( 0.0888888888888889, \\  1.42222222222222\\right) & \\left( 0.0888888888888889, \\  1.51111111111111\\right) & \\left( 0.0888888888888889, \\  1.6\\right) & \\left( 0.0888888888888889, \\  1.68888888888889\\right) & \\left( 0.0888888888888889, \\  1.77777777777778\\right)\\\\\\left( 0.177777777777778, \\  0.0888888888888889\\right) & \\left( 0.177777777777778, \\  0.177777777777778\\right) & \\left( 0.177777777777778, \\  0.266666666666667\\right) & \\left( 0.177777777777778, \\  0.355555555555556\\right) & \\left( 0.177777777777778, \\  0.444444444444444\\right) & \\left( 0.177777777777778, \\  0.533333333333333\\right) & \\left( 0.177777777777778, \\  0.622222222222222\\right) & \\left( 0.177777777777778, \\  0.711111111111111\\right) & \\left( 0.177777777777778, \\  0.8\\right) & \\left( 0.177777777777778, \\  0.888888888888889\\right) & \\left( 0.177777777777778, \\  0.977777777777778\\right) & \\left( 0.177777777777778, \\  1.06666666666667\\right) & \\left( 0.177777777777778, \\  1.15555555555556\\right) & \\left( 0.177777777777778, \\  1.24444444444444\\right) & \\left( 0.177777777777778, \\  1.33333333333333\\right) & \\left( 0.177777777777778, \\  1.42222222222222\\right) & \\left( 0.177777777777778, \\  1.51111111111111\\right) & \\left( 0.177777777777778, \\  1.6\\right) & \\left( 0.177777777777778, \\  1.68888888888889\\right) & \\left( 0.177777777777778, \\  1.77777777777778\\right)\\\\\\left( 0.266666666666667, \\  0.0888888888888889\\right) & \\left( 0.266666666666667, \\  0.177777777777778\\right) & \\left( 0.266666666666667, \\  0.266666666666667\\right) & \\left( 0.266666666666667, \\  0.355555555555556\\right) & \\left( 0.266666666666667, \\  0.444444444444444\\right) & \\left( 0.266666666666667, \\  0.533333333333333\\right) & \\left( 0.266666666666667, \\  0.622222222222222\\right) & \\left( 0.266666666666667, \\  0.711111111111111\\right) & \\left( 0.266666666666667, \\  0.8\\right) & \\left( 0.266666666666667, \\  0.888888888888889\\right) & \\left( 0.266666666666667, \\  0.977777777777778\\right) & \\left( 0.266666666666667, \\  1.06666666666667\\right) & \\left( 0.266666666666667, \\  1.15555555555556\\right) & \\left( 0.266666666666667, \\  1.24444444444444\\right) & \\left( 0.266666666666667, \\  1.33333333333333\\right) & \\left( 0.266666666666667, \\  1.42222222222222\\right) & \\left( 0.266666666666667, \\  1.51111111111111\\right) & \\left( 0.266666666666667, \\  1.6\\right) & \\left( 0.266666666666667, \\  1.68888888888889\\right) & \\left( 0.266666666666667, \\  1.77777777777778\\right)\\\\\\left( 0.355555555555556, \\  0.0888888888888889\\right) & \\left( 0.355555555555556, \\  0.177777777777778\\right) & \\left( 0.355555555555556, \\  0.266666666666667\\right) & \\left( 0.355555555555556, \\  0.355555555555556\\right) & \\left( 0.355555555555556, \\  0.444444444444444\\right) & \\left( 0.355555555555556, \\  0.533333333333333\\right) & \\left( 0.355555555555556, \\  0.622222222222222\\right) & \\left( 0.355555555555556, \\  0.711111111111111\\right) & \\left( 0.355555555555556, \\  0.8\\right) & \\left( 0.355555555555556, \\  0.888888888888889\\right) & \\left( 0.355555555555556, \\  0.977777777777778\\right) & \\left( 0.355555555555556, \\  1.06666666666667\\right) & \\left( 0.355555555555556, \\  1.15555555555556\\right) & \\left( 0.355555555555556, \\  1.24444444444444\\right) & \\left( 0.355555555555556, \\  1.33333333333333\\right) & \\left( 0.355555555555556, \\  1.42222222222222\\right) & \\left( 0.355555555555556, \\  1.51111111111111\\right) & \\left( 0.355555555555556, \\  1.6\\right) & \\left( 0.355555555555556, \\  1.68888888888889\\right) & \\left( 0.355555555555556, \\  1.77777777777778\\right)\\\\\\left( 0.444444444444444, \\  0.0888888888888889\\right) & \\left( 0.444444444444444, \\  0.177777777777778\\right) & \\left( 0.444444444444444, \\  0.266666666666667\\right) & \\left( 0.444444444444444, \\  0.355555555555556\\right) & \\left( 0.444444444444444, \\  0.444444444444444\\right) & \\left( 0.444444444444444, \\  0.533333333333333\\right) & \\left( 0.444444444444444, \\  0.622222222222222\\right) & \\left( 0.444444444444444, \\  0.711111111111111\\right) & \\left( 0.444444444444444, \\  0.8\\right) & \\left( 0.444444444444444, \\  0.888888888888889\\right) & \\left( 0.444444444444444, \\  0.977777777777778\\right) & \\left( 0.444444444444444, \\  1.06666666666667\\right) & \\left( 0.444444444444444, \\  1.15555555555556\\right) & \\left( 0.444444444444444, \\  1.24444444444444\\right) & \\left( 0.444444444444444, \\  1.33333333333333\\right) & \\left( 0.444444444444444, \\  1.42222222222222\\right) & \\left( 0.444444444444444, \\  1.51111111111111\\right) & \\left( 0.444444444444444, \\  1.6\\right) & \\left( 0.444444444444444, \\  1.68888888888889\\right) & \\left( 0.444444444444444, \\  1.77777777777778\\right)\\\\\\left( 0.533333333333333, \\  0.0888888888888889\\right) & \\left( 0.533333333333333, \\  0.177777777777778\\right) & \\left( 0.533333333333333, \\  0.266666666666667\\right) & \\left( 0.533333333333333, \\  0.355555555555556\\right) & \\left( 0.533333333333333, \\  0.444444444444444\\right) & \\left( 0.533333333333333, \\  0.533333333333333\\right) & \\left( 0.533333333333333, \\  0.622222222222222\\right) & \\left( 0.533333333333333, \\  0.711111111111111\\right) & \\left( 0.533333333333333, \\  0.8\\right) & \\left( 0.533333333333333, \\  0.888888888888889\\right) & \\left( 0.533333333333333, \\  0.977777777777778\\right) & \\left( 0.533333333333333, \\  1.06666666666667\\right) & \\left( 0.533333333333333, \\  1.15555555555556\\right) & \\left( 0.533333333333333, \\  1.24444444444444\\right) & \\left( 0.533333333333333, \\  1.33333333333333\\right) & \\left( 0.533333333333333, \\  1.42222222222222\\right) & \\left( 0.533333333333333, \\  1.51111111111111\\right) & \\left( 0.533333333333333, \\  1.6\\right) & \\left( 0.533333333333333, \\  1.68888888888889\\right) & \\left( 0.533333333333333, \\  1.77777777777778\\right)\\\\\\left( 0.622222222222222, \\  0.0888888888888889\\right) & \\left( 0.622222222222222, \\  0.177777777777778\\right) & \\left( 0.622222222222222, \\  0.266666666666667\\right) & \\left( 0.622222222222222, \\  0.355555555555556\\right) & \\left( 0.622222222222222, \\  0.444444444444444\\right) & \\left( 0.622222222222222, \\  0.533333333333333\\right) & \\left( 0.622222222222222, \\  0.622222222222222\\right) & \\left( 0.622222222222222, \\  0.711111111111111\\right) & \\left( 0.622222222222222, \\  0.8\\right) & \\left( 0.622222222222222, \\  0.888888888888889\\right) & \\left( 0.622222222222222, \\  0.977777777777778\\right) & \\left( 0.622222222222222, \\  1.06666666666667\\right) & \\left( 0.622222222222222, \\  1.15555555555556\\right) & \\left( 0.622222222222222, \\  1.24444444444444\\right) & \\left( 0.622222222222222, \\  1.33333333333333\\right) & \\left( 0.622222222222222, \\  1.42222222222222\\right) & \\left( 0.622222222222222, \\  1.51111111111111\\right) & \\left( 0.622222222222222, \\  1.6\\right) & \\left( 0.622222222222222, \\  1.68888888888889\\right) & \\left( 0.622222222222222, \\  1.77777777777778\\right)\\\\\\left( 0.711111111111111, \\  0.0888888888888889\\right) & \\left( 0.711111111111111, \\  0.177777777777778\\right) & \\left( 0.711111111111111, \\  0.266666666666667\\right) & \\left( 0.711111111111111, \\  0.355555555555556\\right) & \\left( 0.711111111111111, \\  0.444444444444444\\right) & \\left( 0.711111111111111, \\  0.533333333333333\\right) & \\left( 0.711111111111111, \\  0.622222222222222\\right) & \\left( 0.711111111111111, \\  0.711111111111111\\right) & \\left( 0.711111111111111, \\  0.8\\right) & \\left( 0.711111111111111, \\  0.888888888888889\\right) & \\left( 0.711111111111111, \\  0.977777777777778\\right) & \\left( 0.711111111111111, \\  1.06666666666667\\right) & \\left( 0.711111111111111, \\  1.15555555555556\\right) & \\left( 0.711111111111111, \\  1.24444444444444\\right) & \\left( 0.711111111111111, \\  1.33333333333333\\right) & \\left( 0.711111111111111, \\  1.42222222222222\\right) & \\left( 0.711111111111111, \\  1.51111111111111\\right) & \\left( 0.711111111111111, \\  1.6\\right) & \\left( 0.711111111111111, \\  1.68888888888889\\right) & \\left( 0.711111111111111, \\  1.77777777777778\\right)\\\\\\left( 0.8, \\  0.0888888888888889\\right) & \\left( 0.8, \\  0.177777777777778\\right) & \\left( 0.8, \\  0.266666666666667\\right) & \\left( 0.8, \\  0.355555555555556\\right) & \\left( 0.8, \\  0.444444444444444\\right) & \\left( 0.8, \\  0.533333333333333\\right) & \\left( 0.8, \\  0.622222222222222\\right) & \\left( 0.8, \\  0.711111111111111\\right) & \\left( 0.8, \\  0.8\\right) & \\left( 0.8, \\  0.888888888888889\\right) & \\left( 0.8, \\  0.977777777777778\\right) & \\left( 0.8, \\  1.06666666666667\\right) & \\left( 0.8, \\  1.15555555555556\\right) & \\left( 0.8, \\  1.24444444444444\\right) & \\left( 0.8, \\  1.33333333333333\\right) & \\left( 0.8, \\  1.42222222222222\\right) & \\left( 0.8, \\  1.51111111111111\\right) & \\left( 0.8, \\  1.6\\right) & \\left( 0.8, \\  1.68888888888889\\right) & \\left( 0.8, \\  1.77777777777778\\right)\\\\\\left( 0.888888888888889, \\  0.0888888888888889\\right) & \\left( 0.888888888888889, \\  0.177777777777778\\right) & \\left( 0.888888888888889, \\  0.266666666666667\\right) & \\left( 0.888888888888889, \\  0.355555555555556\\right) & \\left( 0.888888888888889, \\  0.444444444444444\\right) & \\left( 0.888888888888889, \\  0.533333333333333\\right) & \\left( 0.888888888888889, \\  0.622222222222222\\right) & \\left( 0.888888888888889, \\  0.711111111111111\\right) & \\left( 0.888888888888889, \\  0.8\\right) & \\left( 0.888888888888889, \\  0.888888888888889\\right) & \\left( 0.888888888888889, \\  0.977777777777778\\right) & \\left( 0.888888888888889, \\  1.06666666666667\\right) & \\left( 0.888888888888889, \\  1.15555555555556\\right) & \\left( 0.888888888888889, \\  1.24444444444444\\right) & \\left( 0.888888888888889, \\  1.33333333333333\\right) & \\left( 0.888888888888889, \\  1.42222222222222\\right) & \\left( 0.888888888888889, \\  1.51111111111111\\right) & \\left( 0.888888888888889, \\  1.6\\right) & \\left( 0.888888888888889, \\  1.68888888888889\\right) & \\left( 0.888888888888889, \\  1.77777777777778\\right)\\\\\\left( 0.977777777777778, \\  0.0888888888888889\\right) & \\left( 0.977777777777778, \\  0.177777777777778\\right) & \\left( 0.977777777777778, \\  0.266666666666667\\right) & \\left( 0.977777777777778, \\  0.355555555555556\\right) & \\left( 0.977777777777778, \\  0.444444444444444\\right) & \\left( 0.977777777777778, \\  0.533333333333333\\right) & \\left( 0.977777777777778, \\  0.622222222222222\\right) & \\left( 0.977777777777778, \\  0.711111111111111\\right) & \\left( 0.977777777777778, \\  0.8\\right) & \\left( 0.977777777777778, \\  0.888888888888889\\right) & \\left( 0.977777777777778, \\  0.977777777777778\\right) & \\left( 0.977777777777778, \\  1.06666666666667\\right) & \\left( 0.977777777777778, \\  1.15555555555556\\right) & \\left( 0.977777777777778, \\  1.24444444444444\\right) & \\left( 0.977777777777778, \\  1.33333333333333\\right) & \\left( 0.977777777777778, \\  1.42222222222222\\right) & \\left( 0.977777777777778, \\  1.51111111111111\\right) & \\left( 0.977777777777778, \\  1.6\\right) & \\left( 0.977777777777778, \\  1.68888888888889\\right) & \\left( 0.977777777777778, \\  1.77777777777778\\right)\\\\\\left( 1.06666666666667, \\  0.0888888888888889\\right) & \\left( 1.06666666666667, \\  0.177777777777778\\right) & \\left( 1.06666666666667, \\  0.266666666666667\\right) & \\left( 1.06666666666667, \\  0.355555555555556\\right) & \\left( 1.06666666666667, \\  0.444444444444444\\right) & \\left( 1.06666666666667, \\  0.533333333333333\\right) & \\left( 1.06666666666667, \\  0.622222222222222\\right) & \\left( 1.06666666666667, \\  0.711111111111111\\right) & \\left( 1.06666666666667, \\  0.8\\right) & \\left( 1.06666666666667, \\  0.888888888888889\\right) & \\left( 1.06666666666667, \\  0.977777777777778\\right) & \\left( 1.06666666666667, \\  1.06666666666667\\right) & \\left( 1.06666666666667, \\  1.15555555555556\\right) & \\left( 1.06666666666667, \\  1.24444444444444\\right) & \\left( 1.06666666666667, \\  1.33333333333333\\right) & \\left( 1.06666666666667, \\  1.42222222222222\\right) & \\left( 1.06666666666667, \\  1.51111111111111\\right) & \\left( 1.06666666666667, \\  1.6\\right) & \\left( 1.06666666666667, \\  1.68888888888889\\right) & \\left( 1.06666666666667, \\  1.77777777777778\\right)\\\\\\left( 1.15555555555556, \\  0.0888888888888889\\right) & \\left( 1.15555555555556, \\  0.177777777777778\\right) & \\left( 1.15555555555556, \\  0.266666666666667\\right) & \\left( 1.15555555555556, \\  0.355555555555556\\right) & \\left( 1.15555555555556, \\  0.444444444444444\\right) & \\left( 1.15555555555556, \\  0.533333333333333\\right) & \\left( 1.15555555555556, \\  0.622222222222222\\right) & \\left( 1.15555555555556, \\  0.711111111111111\\right) & \\left( 1.15555555555556, \\  0.8\\right) & \\left( 1.15555555555556, \\  0.888888888888889\\right) & \\left( 1.15555555555556, \\  0.977777777777778\\right) & \\left( 1.15555555555556, \\  1.06666666666667\\right) & \\left( 1.15555555555556, \\  1.15555555555556\\right) & \\left( 1.15555555555556, \\  1.24444444444444\\right) & \\left( 1.15555555555556, \\  1.33333333333333\\right) & \\left( 1.15555555555556, \\  1.42222222222222\\right) & \\left( 1.15555555555556, \\  1.51111111111111\\right) & \\left( 1.15555555555556, \\  1.6\\right) & \\left( 1.15555555555556, \\  1.68888888888889\\right) & \\left( 1.15555555555556, \\  1.77777777777778\\right)\\\\\\left( 1.24444444444444, \\  0.0888888888888889\\right) & \\left( 1.24444444444444, \\  0.177777777777778\\right) & \\left( 1.24444444444444, \\  0.266666666666667\\right) & \\left( 1.24444444444444, \\  0.355555555555556\\right) & \\left( 1.24444444444444, \\  0.444444444444444\\right) & \\left( 1.24444444444444, \\  0.533333333333333\\right) & \\left( 1.24444444444444, \\  0.622222222222222\\right) & \\left( 1.24444444444444, \\  0.711111111111111\\right) & \\left( 1.24444444444444, \\  0.8\\right) & \\left( 1.24444444444444, \\  0.888888888888889\\right) & \\left( 1.24444444444444, \\  0.977777777777778\\right) & \\left( 1.24444444444444, \\  1.06666666666667\\right) & \\left( 1.24444444444444, \\  1.15555555555556\\right) & \\left( 1.24444444444444, \\  1.24444444444444\\right) & \\left( 1.24444444444444, \\  1.33333333333333\\right) & \\left( 1.24444444444444, \\  1.42222222222222\\right) & \\left( 1.24444444444444, \\  1.51111111111111\\right) & \\left( 1.24444444444444, \\  1.6\\right) & \\left( 1.24444444444444, \\  1.68888888888889\\right) & \\left( 1.24444444444444, \\  1.77777777777778\\right)\\\\\\left( 1.33333333333333, \\  0.0888888888888889\\right) & \\left( 1.33333333333333, \\  0.177777777777778\\right) & \\left( 1.33333333333333, \\  0.266666666666667\\right) & \\left( 1.33333333333333, \\  0.355555555555556\\right) & \\left( 1.33333333333333, \\  0.444444444444444\\right) & \\left( 1.33333333333333, \\  0.533333333333333\\right) & \\left( 1.33333333333333, \\  0.622222222222222\\right) & \\left( 1.33333333333333, \\  0.711111111111111\\right) & \\left( 1.33333333333333, \\  0.8\\right) & \\left( 1.33333333333333, \\  0.888888888888889\\right) & \\left( 1.33333333333333, \\  0.977777777777778\\right) & \\left( 1.33333333333333, \\  1.06666666666667\\right) & \\left( 1.33333333333333, \\  1.15555555555556\\right) & \\left( 1.33333333333333, \\  1.24444444444444\\right) & \\left( 1.33333333333333, \\  1.33333333333333\\right) & \\left( 1.33333333333333, \\  1.42222222222222\\right) & \\left( 1.33333333333333, \\  1.51111111111111\\right) & \\left( 1.33333333333333, \\  1.6\\right) & \\left( 1.33333333333333, \\  1.68888888888889\\right) & \\left( 1.33333333333333, \\  1.77777777777778\\right)\\\\\\left( 1.42222222222222, \\  0.0888888888888889\\right) & \\left( 1.42222222222222, \\  0.177777777777778\\right) & \\left( 1.42222222222222, \\  0.266666666666667\\right) & \\left( 1.42222222222222, \\  0.355555555555556\\right) & \\left( 1.42222222222222, \\  0.444444444444444\\right) & \\left( 1.42222222222222, \\  0.533333333333333\\right) & \\left( 1.42222222222222, \\  0.622222222222222\\right) & \\left( 1.42222222222222, \\  0.711111111111111\\right) & \\left( 1.42222222222222, \\  0.8\\right) & \\left( 1.42222222222222, \\  0.888888888888889\\right) & \\left( 1.42222222222222, \\  0.977777777777778\\right) & \\left( 1.42222222222222, \\  1.06666666666667\\right) & \\left( 1.42222222222222, \\  1.15555555555556\\right) & \\left( 1.42222222222222, \\  1.24444444444444\\right) & \\left( 1.42222222222222, \\  1.33333333333333\\right) & \\left( 1.42222222222222, \\  1.42222222222222\\right) & \\left( 1.42222222222222, \\  1.51111111111111\\right) & \\left( 1.42222222222222, \\  1.6\\right) & \\left( 1.42222222222222, \\  1.68888888888889\\right) & \\left( 1.42222222222222, \\  1.77777777777778\\right)\\\\\\left( 1.51111111111111, \\  0.0888888888888889\\right) & \\left( 1.51111111111111, \\  0.177777777777778\\right) & \\left( 1.51111111111111, \\  0.266666666666667\\right) & \\left( 1.51111111111111, \\  0.355555555555556\\right) & \\left( 1.51111111111111, \\  0.444444444444444\\right) & \\left( 1.51111111111111, \\  0.533333333333333\\right) & \\left( 1.51111111111111, \\  0.622222222222222\\right) & \\left( 1.51111111111111, \\  0.711111111111111\\right) & \\left( 1.51111111111111, \\  0.8\\right) & \\left( 1.51111111111111, \\  0.888888888888889\\right) & \\left( 1.51111111111111, \\  0.977777777777778\\right) & \\left( 1.51111111111111, \\  1.06666666666667\\right) & \\left( 1.51111111111111, \\  1.15555555555556\\right) & \\left( 1.51111111111111, \\  1.24444444444444\\right) & \\left( 1.51111111111111, \\  1.33333333333333\\right) & \\left( 1.51111111111111, \\  1.42222222222222\\right) & \\left( 1.51111111111111, \\  1.51111111111111\\right) & \\left( 1.51111111111111, \\  1.6\\right) & \\left( 1.51111111111111, \\  1.68888888888889\\right) & \\left( 1.51111111111111, \\  1.77777777777778\\right)\\\\\\left( 1.6, \\  0.0888888888888889\\right) & \\left( 1.6, \\  0.177777777777778\\right) & \\left( 1.6, \\  0.266666666666667\\right) & \\left( 1.6, \\  0.355555555555556\\right) & \\left( 1.6, \\  0.444444444444444\\right) & \\left( 1.6, \\  0.533333333333333\\right) & \\left( 1.6, \\  0.622222222222222\\right) & \\left( 1.6, \\  0.711111111111111\\right) & \\left( 1.6, \\  0.8\\right) & \\left( 1.6, \\  0.888888888888889\\right) & \\left( 1.6, \\  0.977777777777778\\right) & \\left( 1.6, \\  1.06666666666667\\right) & \\left( 1.6, \\  1.15555555555556\\right) & \\left( 1.6, \\  1.24444444444444\\right) & \\left( 1.6, \\  1.33333333333333\\right) & \\left( 1.6, \\  1.42222222222222\\right) & \\left( 1.6, \\  1.51111111111111\\right) & \\left( 1.6, \\  1.6\\right) & \\left( 1.6, \\  1.68888888888889\\right) & \\left( 1.6, \\  1.77777777777778\\right)\\\\\\left( 1.68888888888889, \\  0.0888888888888889\\right) & \\left( 1.68888888888889, \\  0.177777777777778\\right) & \\left( 1.68888888888889, \\  0.266666666666667\\right) & \\left( 1.68888888888889, \\  0.355555555555556\\right) & \\left( 1.68888888888889, \\  0.444444444444444\\right) & \\left( 1.68888888888889, \\  0.533333333333333\\right) & \\left( 1.68888888888889, \\  0.622222222222222\\right) & \\left( 1.68888888888889, \\  0.711111111111111\\right) & \\left( 1.68888888888889, \\  0.8\\right) & \\left( 1.68888888888889, \\  0.888888888888889\\right) & \\left( 1.68888888888889, \\  0.977777777777778\\right) & \\left( 1.68888888888889, \\  1.06666666666667\\right) & \\left( 1.68888888888889, \\  1.15555555555556\\right) & \\left( 1.68888888888889, \\  1.24444444444444\\right) & \\left( 1.68888888888889, \\  1.33333333333333\\right) & \\left( 1.68888888888889, \\  1.42222222222222\\right) & \\left( 1.68888888888889, \\  1.51111111111111\\right) & \\left( 1.68888888888889, \\  1.6\\right) & \\left( 1.68888888888889, \\  1.68888888888889\\right) & \\left( 1.68888888888889, \\  1.77777777777778\\right)\\\\\\left( 1.77777777777778, \\  0.0888888888888889\\right) & \\left( 1.77777777777778, \\  0.177777777777778\\right) & \\left( 1.77777777777778, \\  0.266666666666667\\right) & \\left( 1.77777777777778, \\  0.355555555555556\\right) & \\left( 1.77777777777778, \\  0.444444444444444\\right) & \\left( 1.77777777777778, \\  0.533333333333333\\right) & \\left( 1.77777777777778, \\  0.622222222222222\\right) & \\left( 1.77777777777778, \\  0.711111111111111\\right) & \\left( 1.77777777777778, \\  0.8\\right) & \\left( 1.77777777777778, \\  0.888888888888889\\right) & \\left( 1.77777777777778, \\  0.977777777777778\\right) & \\left( 1.77777777777778, \\  1.06666666666667\\right) & \\left( 1.77777777777778, \\  1.15555555555556\\right) & \\left( 1.77777777777778, \\  1.24444444444444\\right) & \\left( 1.77777777777778, \\  1.33333333333333\\right) & \\left( 1.77777777777778, \\  1.42222222222222\\right) & \\left( 1.77777777777778, \\  1.51111111111111\\right) & \\left( 1.77777777777778, \\  1.6\\right) & \\left( 1.77777777777778, \\  1.68888888888889\\right) & \\left( 1.77777777777778, \\  1.77777777777778\\right)\\end{array}\\right] \\end{equation}$"
      ],
      "text/plain": [
       "<IPython.core.display.Math object>"
      ]
     },
     "metadata": {},
     "output_type": "display_data"
    }
   ],
   "source": [
    "NET = [[(0, 0) for _ in range(n_step)] for _ in range(n_step)]\n",
    "for i in range(n_step):\n",
    "    for j in range(n_step):\n",
    "        NET[i][j] = (B[i], A[j])\n",
    "\n",
    "display(Math(f'$\\\\begin{{equation}} B \\\\times A: {sp.latex(sp.Matrix(NET))} \\\\end{{equation}}$'))"
   ]
  },
  {
   "cell_type": "code",
   "execution_count": 973,
   "metadata": {},
   "outputs": [
    {
     "data": {
      "text/latex": [
       "$\\displaystyle \\begin{equation} K^i_j: \\left[\\begin{array}{cccccccccccccccccccc}0.30815 & 0.30025 & 0.29235 & 0.28444 & 0.27654 & 0.26864 & 0.26074 & 0.25284 & 0.24494 & 0.23704 & 0.22914 & 0.22123 & 0.21333 & 0.20543 & 0.19753 & 0.18963 & 0.18173 & 0.17383 & 0.16593 & 0.15802\\\\0.30025 & 0.60049 & 0.58469 & 0.56889 & 0.55309 & 0.53728 & 0.52148 & 0.50568 & 0.48988 & 0.47407 & 0.45827 & 0.44247 & 0.42667 & 0.41086 & 0.39506 & 0.37926 & 0.36346 & 0.34765 & 0.33185 & 0.31605\\\\0.29235 & 0.58469 & 0.87704 & 0.85333 & 0.82963 & 0.80593 & 0.78222 & 0.75852 & 0.73481 & 0.71111 & 0.68741 & 0.6637 & 0.64 & 0.6163 & 0.59259 & 0.56889 & 0.54519 & 0.52148 & 0.49778 & 0.47407\\\\0.28444 & 0.56889 & 0.85333 & 1.1378 & 1.1062 & 1.0746 & 1.043 & 1.0114 & 0.97975 & 0.94815 & 0.91654 & 0.88494 & 0.85333 & 0.82173 & 0.79012 & 0.75852 & 0.72691 & 0.69531 & 0.6637 & 0.6321\\\\0.27654 & 0.55309 & 0.82963 & 1.1062 & 1.3827 & 1.3432 & 1.3037 & 1.2642 & 1.2247 & 1.1852 & 1.1457 & 1.1062 & 1.0667 & 1.0272 & 0.98765 & 0.94815 & 0.90864 & 0.86914 & 0.82963 & 0.79012\\\\0.26864 & 0.53728 & 0.80593 & 1.0746 & 1.3432 & 1.6119 & 1.5644 & 1.517 & 1.4696 & 1.4222 & 1.3748 & 1.3274 & 1.28 & 1.2326 & 1.1852 & 1.1378 & 1.0904 & 1.043 & 0.99556 & 0.94815\\\\0.26074 & 0.52148 & 0.78222 & 1.043 & 1.3037 & 1.5644 & 1.8252 & 1.7699 & 1.7146 & 1.6593 & 1.604 & 1.5486 & 1.4933 & 1.438 & 1.3827 & 1.3274 & 1.2721 & 1.2168 & 1.1615 & 1.1062\\\\0.25284 & 0.50568 & 0.75852 & 1.0114 & 1.2642 & 1.517 & 1.7699 & 2.0227 & 1.9595 & 1.8963 & 1.8331 & 1.7699 & 1.7067 & 1.6435 & 1.5802 & 1.517 & 1.4538 & 1.3906 & 1.3274 & 1.2642\\\\0.24494 & 0.48988 & 0.73481 & 0.97975 & 1.2247 & 1.4696 & 1.7146 & 1.9595 & 2.2044 & 2.1333 & 2.0622 & 1.9911 & 1.92 & 1.8489 & 1.7778 & 1.7067 & 1.6356 & 1.5644 & 1.4933 & 1.4222\\\\0.23704 & 0.47407 & 0.71111 & 0.94815 & 1.1852 & 1.4222 & 1.6593 & 1.8963 & 2.1333 & 2.3704 & 2.2914 & 2.2123 & 2.1333 & 2.0543 & 1.9753 & 1.8963 & 1.8173 & 1.7383 & 1.6593 & 1.5802\\\\0.22914 & 0.45827 & 0.68741 & 0.91654 & 1.1457 & 1.3748 & 1.604 & 1.8331 & 2.0622 & 2.2914 & 2.5205 & 2.4336 & 2.3467 & 2.2598 & 2.1728 & 2.0859 & 1.999 & 1.9121 & 1.8252 & 1.7383\\\\0.22123 & 0.44247 & 0.6637 & 0.88494 & 1.1062 & 1.3274 & 1.5486 & 1.7699 & 1.9911 & 2.2123 & 2.4336 & 2.6548 & 2.56 & 2.4652 & 2.3704 & 2.2756 & 2.1807 & 2.0859 & 1.9911 & 1.8963\\\\0.21333 & 0.42667 & 0.64 & 0.85333 & 1.0667 & 1.28 & 1.4933 & 1.7067 & 1.92 & 2.1333 & 2.3467 & 2.56 & 2.7733 & 2.6706 & 2.5679 & 2.4652 & 2.3625 & 2.2598 & 2.157 & 2.0543\\\\0.20543 & 0.41086 & 0.6163 & 0.82173 & 1.0272 & 1.2326 & 1.438 & 1.6435 & 1.8489 & 2.0543 & 2.2598 & 2.4652 & 2.6706 & 2.876 & 2.7654 & 2.6548 & 2.5442 & 2.4336 & 2.323 & 2.2123\\\\0.19753 & 0.39506 & 0.59259 & 0.79012 & 0.98765 & 1.1852 & 1.3827 & 1.5802 & 1.7778 & 1.9753 & 2.1728 & 2.3704 & 2.5679 & 2.7654 & 2.963 & 2.8444 & 2.7259 & 2.6074 & 2.4889 & 2.3704\\\\0.18963 & 0.37926 & 0.56889 & 0.75852 & 0.94815 & 1.1378 & 1.3274 & 1.517 & 1.7067 & 1.8963 & 2.0859 & 2.2756 & 2.4652 & 2.6548 & 2.8444 & 3.0341 & 2.9077 & 2.7812 & 2.6548 & 2.5284\\\\0.18173 & 0.36346 & 0.54519 & 0.72691 & 0.90864 & 1.0904 & 1.2721 & 1.4538 & 1.6356 & 1.8173 & 1.999 & 2.1807 & 2.3625 & 2.5442 & 2.7259 & 2.9077 & 3.0894 & 2.9551 & 2.8207 & 2.6864\\\\0.17383 & 0.34765 & 0.52148 & 0.69531 & 0.86914 & 1.043 & 1.2168 & 1.3906 & 1.5644 & 1.7383 & 1.9121 & 2.0859 & 2.2598 & 2.4336 & 2.6074 & 2.7812 & 2.9551 & 3.1289 & 2.9867 & 2.8444\\\\0.16593 & 0.33185 & 0.49778 & 0.6637 & 0.82963 & 0.99556 & 1.1615 & 1.3274 & 1.4933 & 1.6593 & 1.8252 & 1.9911 & 2.157 & 2.323 & 2.4889 & 2.6548 & 2.8207 & 2.9867 & 3.1526 & 3.0025\\\\0.15802 & 0.31605 & 0.47407 & 0.6321 & 0.79012 & 0.94815 & 1.1062 & 1.2642 & 1.4222 & 1.5802 & 1.7383 & 1.8963 & 2.0543 & 2.2123 & 2.3704 & 2.5284 & 2.6864 & 2.8444 & 3.0025 & 3.1605\\end{array}\\right] \\end{equation}$"
      ],
      "text/plain": [
       "<IPython.core.display.Math object>"
      ]
     },
     "metadata": {},
     "output_type": "display_data"
    }
   ],
   "source": [
    "K_ = np.zeros((n_step, n_step))\n",
    "for i in range(n_step):\n",
    "    for j in range(n_step):\n",
    "        s_i   = NET[i][j][0]\n",
    "        tau_j = NET[i][j][1]\n",
    "        K_[i][j] = K_func(s_i, tau_j)\n",
    "\n",
    "display(Math(f'$\\\\begin{{equation}} K^i_j: {sp.latex(sp.Matrix(K_).evalf(PRECISION))} \\\\end{{equation}}$'))"
   ]
  },
  {
   "cell_type": "code",
   "execution_count": 974,
   "metadata": {},
   "outputs": [
    {
     "data": {
      "text/latex": [
       "$\\displaystyle F: \\left[\\begin{array}{cccccccccccccccccccc}0.99452 & -0.0053377 & -0.0051973 & -0.0050568 & -0.0049163 & -0.0047759 & -0.0046354 & -0.0044949 & -0.0043545 & -0.004214 & -0.0040735 & -0.0039331 & -0.0037926 & -0.0036521 & -0.0035117 & -0.0033712 & -0.0032307 & -0.0030903 & -0.0029498 & -0.0028093\\\\-0.0053377 & 0.98932 & -0.010395 & -0.010114 & -0.0098327 & -0.0095517 & -0.0092708 & -0.0089899 & -0.0087089 & -0.008428 & -0.008147 & -0.0078661 & -0.0075852 & -0.0073043 & -0.0070233 & -0.0067424 & -0.0064615 & -0.0061805 & -0.0058996 & -0.0056187\\\\-0.0051973 & -0.010395 & 0.98441 & -0.01517 & -0.014749 & -0.014328 & -0.013906 & -0.013485 & -0.013063 & -0.012642 & -0.012221 & -0.011799 & -0.011378 & -0.010956 & -0.010535 & -0.010114 & -0.0096922 & -0.0092708 & -0.0088494 & -0.008428\\\\-0.0050568 & -0.010114 & -0.01517 & 0.97977 & -0.019665 & -0.019103 & -0.018542 & -0.01798 & -0.017418 & -0.016856 & -0.016294 & -0.015732 & -0.01517 & -0.014609 & -0.014047 & -0.013485 & -0.012923 & -0.012361 & -0.011799 & -0.011237\\\\-0.0049163 & -0.0098327 & -0.014749 & -0.019665 & 0.97542 & -0.023879 & -0.023177 & -0.022475 & -0.021772 & -0.02107 & -0.020368 & -0.019665 & -0.018963 & -0.018261 & -0.017558 & -0.016856 & -0.016154 & -0.015451 & -0.014749 & -0.014047\\\\-0.0047759 & -0.0095517 & -0.014328 & -0.019103 & -0.023879 & 0.97134 & -0.027812 & -0.02697 & -0.026127 & -0.025284 & -0.024441 & -0.023598 & -0.022756 & -0.021913 & -0.02107 & -0.020227 & -0.019384 & -0.018542 & -0.017699 & -0.016856\\\\-0.0046354 & -0.0092708 & -0.013906 & -0.018542 & -0.023177 & -0.027812 & 0.96755 & -0.031464 & -0.030481 & -0.029498 & -0.028515 & -0.027531 & -0.026548 & -0.025565 & -0.024582 & -0.023598 & -0.022615 & -0.021632 & -0.020649 & -0.019665\\\\-0.0044949 & -0.0089899 & -0.013485 & -0.01798 & -0.022475 & -0.02697 & -0.031464 & 0.96404 & -0.034836 & -0.033712 & -0.032588 & -0.031464 & -0.030341 & -0.029217 & -0.028093 & -0.02697 & -0.025846 & -0.024722 & -0.023598 & -0.022475\\\\-0.0043545 & -0.0087089 & -0.013063 & -0.017418 & -0.021772 & -0.026127 & -0.030481 & -0.034836 & 0.96081 & -0.037926 & -0.036662 & -0.035398 & -0.034133 & -0.032869 & -0.031605 & -0.030341 & -0.029077 & -0.027812 & -0.026548 & -0.025284\\\\-0.004214 & -0.008428 & -0.012642 & -0.016856 & -0.02107 & -0.025284 & -0.029498 & -0.033712 & -0.037926 & 0.95786 & -0.040735 & -0.039331 & -0.037926 & -0.036521 & -0.035117 & -0.033712 & -0.032307 & -0.030903 & -0.029498 & -0.028093\\\\-0.0040735 & -0.008147 & -0.012221 & -0.016294 & -0.020368 & -0.024441 & -0.028515 & -0.032588 & -0.036662 & -0.040735 & 0.95519 & -0.043264 & -0.041719 & -0.040173 & -0.038628 & -0.037083 & -0.035538 & -0.033993 & -0.032448 & -0.030903\\\\-0.0039331 & -0.0078661 & -0.011799 & -0.015732 & -0.019665 & -0.023598 & -0.027531 & -0.031464 & -0.035398 & -0.039331 & -0.043264 & 0.9528 & -0.045511 & -0.043826 & -0.04214 & -0.040454 & -0.038769 & -0.037083 & -0.035398 & -0.033712\\\\-0.0037926 & -0.0075852 & -0.011378 & -0.01517 & -0.018963 & -0.022756 & -0.026548 & -0.030341 & -0.034133 & -0.037926 & -0.041719 & -0.045511 & 0.9507 & -0.047478 & -0.045652 & -0.043826 & -0.041999 & -0.040173 & -0.038347 & -0.036521\\\\-0.0036521 & -0.0073043 & -0.010956 & -0.014609 & -0.018261 & -0.021913 & -0.025565 & -0.029217 & -0.032869 & -0.036521 & -0.040173 & -0.043826 & -0.047478 & 0.94887 & -0.049163 & -0.047197 & -0.04523 & -0.043264 & -0.041297 & -0.039331\\\\-0.0035117 & -0.0070233 & -0.010535 & -0.014047 & -0.017558 & -0.02107 & -0.024582 & -0.028093 & -0.031605 & -0.035117 & -0.038628 & -0.04214 & -0.045652 & -0.049163 & 0.94732 & -0.050568 & -0.048461 & -0.046354 & -0.044247 & -0.04214\\\\-0.0033712 & -0.0067424 & -0.010114 & -0.013485 & -0.016856 & -0.020227 & -0.023598 & -0.02697 & -0.030341 & -0.033712 & -0.037083 & -0.040454 & -0.043826 & -0.047197 & -0.050568 & 0.94606 & -0.051692 & -0.049444 & -0.047197 & -0.044949\\\\-0.0032307 & -0.0064615 & -0.0096922 & -0.012923 & -0.016154 & -0.019384 & -0.022615 & -0.025846 & -0.029077 & -0.032307 & -0.035538 & -0.038769 & -0.041999 & -0.04523 & -0.048461 & -0.051692 & 0.94508 & -0.052534 & -0.050147 & -0.047759\\\\-0.0030903 & -0.0061805 & -0.0092708 & -0.012361 & -0.015451 & -0.018542 & -0.021632 & -0.024722 & -0.027812 & -0.030903 & -0.033993 & -0.037083 & -0.040173 & -0.043264 & -0.046354 & -0.049444 & -0.052534 & 0.94438 & -0.053096 & -0.050568\\\\-0.0029498 & -0.0058996 & -0.0088494 & -0.011799 & -0.014749 & -0.017699 & -0.020649 & -0.023598 & -0.026548 & -0.029498 & -0.032448 & -0.035398 & -0.038347 & -0.041297 & -0.044247 & -0.047197 & -0.050147 & -0.053096 & 0.94395 & -0.053377\\\\-0.0028093 & -0.0056187 & -0.008428 & -0.011237 & -0.014047 & -0.016856 & -0.019665 & -0.022475 & -0.025284 & -0.028093 & -0.030903 & -0.033712 & -0.036521 & -0.039331 & -0.04214 & -0.044949 & -0.047759 & -0.050568 & -0.053377 & 0.94381\\end{array}\\right]$"
      ],
      "text/plain": [
       "<IPython.core.display.Math object>"
      ]
     },
     "metadata": {},
     "output_type": "display_data"
    }
   ],
   "source": [
    "lambda_ = 1 / (n_ - 47)\n",
    "\n",
    "delta = lambda i, j : 1 if i == j else 0\n",
    "\n",
    "F = np.zeros((n_step, n_step))\n",
    "for i in range(n_step):\n",
    "    for j in range(n_step):\n",
    "        F[i][j] = delta(i, j) - lambda_ * K_[i][j] * h_step\n",
    "\n",
    "display(Math(f'$F: {sp.latex(sp.Matrix(F).evalf(PRECISION))}$'))"
   ]
  },
  {
   "cell_type": "code",
   "execution_count": 975,
   "metadata": {},
   "outputs": [
    {
     "data": {
      "text/latex": [
       "$\\displaystyle \\begin{equation} ^>y: \\left[\\begin{matrix}-0.65613\\\\-0.62453\\\\-0.57185\\\\-0.49811\\\\-0.40329\\\\-0.28741\\\\-0.15045\\\\0.007572\\\\0.18667\\\\0.38683\\\\0.60807\\\\0.85037\\\\1.1137\\\\1.3982\\\\1.7037\\\\2.0303\\\\2.3779\\\\2.7467\\\\3.1365\\\\3.5473\\end{matrix}\\right] \\end{equation}$"
      ],
      "text/plain": [
       "<IPython.core.display.Math object>"
      ]
     },
     "metadata": {},
     "output_type": "display_data"
    }
   ],
   "source": [
    "# y = np.array([(N_ + 3)/N_ * (s**2 + (n_ - 53)/2) for s in np.arange(a_, b_ + h_step, h_step)])\n",
    "y = np.array([(N_ + 3)/N_ * (s**2 + (n_ - 53)/2) for s in np.arange(a_ + h_step, b_+ h_step, h_step)])\n",
    "y_numeric = y\n",
    "\n",
    "display(Math(f'$\\\\begin{{equation}} ^>y: {sp.latex(sp.Matrix(y).evalf(PRECISION))} \\\\end{{equation}}$'))"
   ]
  },
  {
   "cell_type": "code",
   "execution_count": 976,
   "metadata": {},
   "outputs": [
    {
     "data": {
      "text/latex": [
       "$\\displaystyle \\begin{equation} ^>x: \\left[\\begin{matrix}-0.50181\\\\-0.31307\\\\-0.1015\\\\0.13171\\\\0.38526\\\\0.6577\\\\0.94753\\\\1.2531\\\\1.5727\\\\1.9045\\\\2.2467\\\\2.5974\\\\2.9545\\\\3.3161\\\\3.6801\\\\4.0445\\\\4.4073\\\\4.7664\\\\5.1197\\\\5.4654\\end{matrix}\\right] \\end{equation}$"
      ],
      "text/plain": [
       "<IPython.core.display.Math object>"
      ]
     },
     "metadata": {},
     "output_type": "display_data"
    }
   ],
   "source": [
    "x = np.linalg.inv(F) @ y\n",
    "x_numeric = x\n",
    "\n",
    "display(Math(f'$\\\\begin{{equation}} ^>x: {sp.latex(sp.Matrix(x).evalf(PRECISION))} \\\\end{{equation}}$'))"
   ]
  },
  {
   "cell_type": "code",
   "execution_count": 977,
   "metadata": {},
   "outputs": [
    {
     "data": {
      "text/latex": [
       "$\\displaystyle \\begin{equation} x{\\left(s \\right)} - \\frac{\\int\\limits_{0}^{s} \\tau \\left(\\frac{32}{9} - s\\right) x{\\left(\\tau \\right)}\\, d\\tau}{5} - \\frac{\\int\\limits_{s}^{\\frac{16}{9}} s \\left(\\frac{32}{9} - \\tau\\right) x{\\left(\\tau \\right)}\\, d\\tau}{5} = \\frac{4 s^{2}}{3} - \\frac{2}{3} \\end{equation}$"
      ],
      "text/plain": [
       "<IPython.core.display.Math object>"
      ]
     },
     "metadata": {},
     "output_type": "display_data"
    }
   ],
